265 374 316 349 345 179 291 305 193 280 330 264 368 256 323 245
368 531 482 542 543 238 319 450 354 347 444 419 494 347 535 380
363 396 393 461 435 233 341 329 291 359 396 338 485 337 335 268
346 430 432 463 486 245 264 408 347 320 407 411 442 346 488 354
396 413 424 546 471 254 350 356 291 352 411 349 483 322 401 283
253 359 338 396 354 192 267 278 282 259 326 271 285 267 316 319
267 330 294 358 306 207 262 214 223 237 305 246 257 250 273 270
436 400 398 441 407 239 319 286 235 303 377 414 402 348 286 246
288 277 316 445 350 207 228 294 233 229 360 292 347 236 266 250
303 396 363 344 338 187 282 245 179 277 281 309 348 314 274 246
249 263 304 381 338 192 191 261 252 190 245 243 302 217 300 242
251 326 299 453 350 161 286 322 194 247 373 252 359 193 312 288
302 283 248 287 309 206 204 135 216 210 232 261 260 277 238 135
370 417 437 530 476 258 370 379 363 379 447 333 470 310 410 290
303 296 262 344 325 213 259 249 258 254 288 213 307 253 239 260
320 367 333 370 383 225 259 208 259 207 303 319 295 296 261 225
