0 0 0 0 0 0 0 0 0 0 0 0 0 0 0 0
0 0 0 3 0 0 0 0 3 0 0 0 18 0 0 0
0 0 0 6 0 16 54 0 21 0 0 6 0 30 0 8
0 0 14 21 0 40 9 0 48 0 0 6 0 0 0 0
0 0 0 0 0 0 0 0 0 0 20 0 0 0 0 0
0 0 42 0 0 0 0 0 42 0 0 0 0 0 0 0
0 0 35 0 0 0 45 0 35 0 0 0 0 25 0 0
0 0 7 0 0 0 0 0 0 0 5 3 0 0 0 0
0 0 0 49 0 0 21 0 0 0 0 0 0 0 0 0
0 0 0 0 0 0 0 0 0 0 0 0 0 0 0 0
0 0 0 2 0 0 0 0 2 0 0 0 12 0 0 0
0 0 0 0 0 0 36 0 0 0 0 0 0 20 0 0
0 0 0 1 0 0 0 0 16 0 0 0 6 0 0 0
0 0 0 6 0 16 0 0 0 0 5 6 0 0 0 8
0 0 0 0 0 0 12 0 24 0 0 0 0 0 0 0
0 0 0 0 0 0 0 0 0 0 0 0 0 0 0 0
