261 387 288 299 316 275 350 283 311 418 379 210 179 256 348 233
372 365 286 335 279 308 250 346 242 330 313 244 123 276 181 146
438 356 340 331 315 296 374 291 341 473 364 293 237 370 328 250
365 372 303 347 327 370 362 411 341 374 424 300 250 353 363 213
484 377 369 400 373 409 386 397 400 433 410 368 269 400 384 263
409 324 328 284 326 337 344 391 381 413 337 355 266 359 415 317
266 332 213 280 337 291 272 290 252 311 358 203 112 287 277 153
318 335 325 318 332 326 362 340 318 439 379 356 239 295 350 267
287 346 240 343 269 318 326 328 250 325 333 188 169 230 299 227
446 326 334 268 296 338 294 343 349 397 301 325 264 330 280 228
420 416 372 414 395 380 400 375 395 496 395 397 245 354 420 303
317 295 234 343 303 293 354 321 262 404 401 297 186 340 282 204
237 351 251 326 352 291 380 299 297 438 455 277 208 312 351 227
325 418 343 346 383 379 348 344 315 411 401 294 220 284 311 233
354 320 303 353 284 336 336 331 333 368 329 323 251 276 355 251
316 373 283 379 320 379 381 398 358 426 428 347 266 294 381 247
