418 237 298 216 231 228 353 265 313 265 270 330 308 359 266 264
451 273 367 281 289 274 333 416 357 329 315 365 393 366 296 288
349 228 254 207 226 210 247 255 280 330 259 331 288 295 218 311
436 266 297 231 235 311 301 314 282 313 303 301 376 437 290 390
319 230 272 168 238 214 243 291 230 243 240 221 301 295 202 226
458 279 320 222 283 306 357 365 350 262 324 335 392 323 288 230
472 257 350 283 296 288 421 378 408 354 305 404 375 341 325 314
348 280 325 150 245 250 239 304 240 250 281 281 324 344 212 251
439 255 324 235 314 315 351 347 318 356 326 338 426 398 275 372
538 310 425 280 319 340 390 428 371 359 380 379 466 467 370 410
357 238 264 152 281 226 301 256 275 246 260 248 306 323 195 208
305 200 205 183 164 246 254 256 268 270 230 348 242 312 240 245
363 237 259 172 259 279 321 290 227 205 253 166 302 323 235 219
343 218 293 149 167 150 231 209 256 292 198 296 261 258 241 267
388 252 345 193 273 241 275 373 304 305 256 261 355 331 294 272
422 259 346 179 247 234 292 293 272 268 283 237 377 394 278 342
