0 0 0 0 0 0 0 0 0 0 0 0 0 0 0 0
0 0 0 0 0 0 0 0 0 0 16 0 0 8 0 0
0 0 0 0 0 0 0 0 0 0 12 0 0 6 0 0
0 0 0 0 0 0 0 0 0 0 0 0 0 0 0 0
40 0 0 0 0 12 0 0 0 30 18 0 0 9 0 0
0 0 3 0 7 0 0 0 0 0 0 6 0 0 0 3
32 5 4 7 0 0 0 0 0 24 0 0 4 0 4 0
0 0 0 20 0 0 0 0 0 8 0 0 0 28 0 0
0 0 0 0 0 0 0 0 0 0 0 0 0 0 0 0
8 0 9 0 0 0 0 0 0 6 0 18 3 27 0 9
0 0 0 0 0 0 0 0 0 0 0 0 0 0 0 0
0 0 0 0 0 0 0 0 12 0 0 0 0 0 0 0
0 0 0 0 0 0 0 0 0 0 0 0 0 0 0 0
0 0 0 15 0 0 0 0 0 0 0 0 0 21 0 0
0 0 0 0 0 6 0 30 0 0 0 0 0 0 0 0
0 0 0 0 21 0 0 0 0 28 0 0 0 0 0 0
