1130 1259 1336 1186 1293 1363 1369 1457 1217 1404 957 1022 1489 1356 1214 1449 1299 1395 1149 1374 1557 1181 1074 1312 1516 1055 1245 1221 1171 1207 1330 1442 1436 1139 1615 1204 1237 1304 1276 1213 1407 1316 1143 1128 1324 1388 1082 1373 1412 1285 1227 1411 1278 1434 1405 1183 1300 1193 1402 1390 1210 1397 1206 1129
1262 1313 1273 1404 1357 1289 1530 1381 1471 1476 1157 1204 1646 1353 1280 1423 1315 1456 1269 1384 1545 1367 1283 1192 1543 1066 1129 1161 1174 1289 1454 1276 1387 1168 1615 1393 1520 1403 1376 1316 1490 1467 1267 1201 1309 1393 1217 1512 1476 1425 1226 1456 1394 1364 1470 1183 1414 1082 1399 1492 1302 1365 1257 1187
1182 1330 1339 1330 1333 1306 1492 1336 1216 1461 1023 1171 1677 1433 1395 1464 1445 1477 1118 1385 1521 1338 1236 1318 1467 1066 1186 1091 1157 1291 1335 1447 1284 1245 1671 1349 1464 1383 1369 1339 1384 1578 1347 1163 1234 1397 1145 1557 1384 1414 1236 1441 1358 1395 1511 1290 1418 1247 1253 1421 1188 1434 1344 1227
1011 1100 1166 981 1019 1027 1059 1131 968 1177 738 738 1101 1095 1050 1086 955 1038 749 1091 1183 971 913 1017 1137 928 1054 984 1036 1051 1036 1054 1084 894 1272 948 1064 1136 989 988 1155 1069 852 816 1054 1043 800 1010 1101 1040 936 1071 1076 1103 1078 999 1022 917 1035 1079 911 1077 1053 884
1080 1036 1063 1254 1249 1146 1321 1297 1229 1228 1045 1055 1282 1269 1227 1319 1131 1170 1050 1205 1103 1144 1037 1074 1275 1045 1030 1053 967 1051 1132 982 1210 997 1393 1224 1254 1068 1239 1027 1292 1286 1030 1125 1103 1144 1094 1149 1175 1104 1103 1240 1098 1173 1189 1076 1170 913 1260 1290 963 1215 1029 1077
1364 1300 1315 1351 1257 1419 1605 1318 1424 1444 1282 1161 1517 1399 1305 1448 1274 1536 1146 1482 1539 1424 1192 1320 1449 1125 1165 1228 1200 1325 1596 1380 1351 1121 1633 1336 1453 1444 1442 1300 1556 1519 1147 1216 1268 1418 1188 1526 1393 1296 1337 1508 1395 1321 1423 1253 1368 1113 1453 1468 1229 1447 1345 1154
1219 1235 1351 1258 1315 1319 1572 1363 1253 1381 1102 1191 1618 1309 1161 1459 1320 1383 1284 1405 1642 1174 1336 1235 1436 1031 1077 1208 1274 1164 1424 1279 1416 1095 1592 1263 1265 1296 1441 1188 1483 1412 1160 1125 1358 1400 1161 1394 1451 1300 1220 1350 1295 1342 1474 1190 1302 1199 1397 1389 1216 1457 1173 1143
1229 1216 1217 1289 1343 1250 1351 1399 1239 1439 1128 1106 1527 1239 1411 1374 1273 1288 1054 1215 1449 1294 1139 1268 1411 1053 1166 1257 1183 1277 1346 1300 1297 1198 1645 1200 1365 1361 1205 1217 1490 1455 1146 1163 1327 1326 1054 1366 1362 1228 1174 1344 1204 1416 1264 1177 1356 981 1347 1374 1249 1241 1227 1159
1292 1214 1219 1164 1193 1198 1407 1197 1223 1365 1017 1139 1460 1113 1319 1354 1153 1346 1029 1265 1345 1290 1141 1309 1394 921 1161 1051 1038 1219 1269 1208 1279 1253 1375 1234 1255 1223 1291 1109 1381 1335 1034 1155 1146 1126 1059 1393 1391 1185 1165 1359 1364 1221 1307 1164 1288 1109 1374 1284 1128 1309 1289 1110
1350 1425 1406 1388 1375 1483 1451 1482 1397 1443 1181 1218 1576 1501 1445 1505 1224 1464 1223 1471 1518 1354 1292 1331 1633 1242 1380 1349 1183 1352 1425 1285 1385 1138 1691 1426 1601 1330 1465 1419 1592 1533 1317 1297 1262 1447 1269 1501 1522 1454 1357 1574 1443 1362 1515 1339 1420 1189 1539 1447 1204 1422 1327 1239
1115 1341 1268 1252 1407 1265 1326 1366 1311 1481 1093 1024 1329 1236 1320 1456 1257 1275 1172 1263 1322 1164 1242 1112 1417 1058 1268 1240 1235 1184 1239 1220 1343 949 1624 1100 1256 1238 1322 1104 1307 1407 1000 1080 1197 1188 1009 1230 1272 1213 1223 1243 1233 1297 1189 1224 1406 1008 1242 1299 1064 1306 1160 1059
1325 1422 1313 1469 1460 1422 1556 1465 1455 1659 1188 1237 1506 1386 1264 1569 1358 1450 1304 1411 1557 1379 1305 1322 1572 1146 1267 1183 1294 1326 1401 1295 1421 1217 1681 1255 1481 1354 1502 1202 1453 1516 1163 1212 1296 1421 1165 1451 1567 1429 1376 1489 1411 1422 1469 1255 1475 1269 1410 1525 1214 1389 1301 1216
1047 1111 1323 1139 1148 1048 1218 1246 1073 1263 928 911 1080 1112 1149 1181 1020 1156 990 1112 1238 1045 894 1089 1307 1005 1250 976 1054 1130 1202 1090 1201 939 1279 1164 1291 1193 1134 1155 1172 1301 937 1091 1047 1123 1014 1184 1215 1045 1010 1223 1142 1136 1340 1164 1241 998 1155 1064 1048 1233 1151 1026
1206 1489 1343 1491 1409 1257 1485 1365 1459 1569 1046 1144 1479 1360 1482 1482 1282 1420 1267 1347 1278 1351 1310 1307 1517 1094 1306 1070 1158 1233 1212 1436 1343 1302 1684 1531 1479 1285 1462 1246 1360 1453 1145 1207 1250 1214 1156 1405 1448 1280 1173 1444 1413 1342 1304 1227 1583 1108 1371 1469 1168 1437 1423 1186
1403 1268 1439 1383 1365 1345 1549 1331 1313 1424 1289 1196 1609 1375 1364 1536 1351 1414 1216 1527 1569 1358 1400 1403 1584 1176 1164 1234 1308 1300 1404 1428 1291 1135 1625 1385 1384 1413 1353 1191 1597 1485 1211 1188 1394 1377 1263 1469 1429 1298 1268 1418 1402 1419 1373 1278 1396 1124 1518 1448 1104 1468 1403 1155
1312 1240 1163 1275 1539 1297 1430 1471 1360 1547 1272 1284 1523 1315 1462 1538 1334 1375 1218 1452 1555 1225 1108 1358 1450 1199 1280 1300 1244 1301 1472 1286 1352 1237 1620 1378 1498 1436 1395 1361 1522 1468 1194 1349 1270 1433 1226 1525 1605 1304 1243 1515 1430 1471 1472 1240 1497 1130 1327 1385 1321 1447 1346 1280
1442 1335 1364 1512 1546 1364 1565 1500 1480 1666 1279 1279 1644 1463 1494 1490 1481 1484 1329 1474 1600 1241 1224 1399 1525 1242 1276 1251 1198 1340 1577 1455 1515 1277 1727 1411 1418 1413 1595 1354 1650 1582 1316 1283 1224 1452 1297 1656 1508 1406 1347 1670 1440 1387 1563 1258 1592 1205 1457 1585 1329 1581 1401 1462
1222 1349 1356 1360 1492 1279 1358 1411 1272 1588 1056 1072 1473 1314 1435 1503 1200 1315 1173 1277 1453 1120 1178 1333 1371 1170 1200 1253 1173 1284 1297 1284 1487 1333 1769 1310 1415 1399 1285 1251 1553 1548 1299 1175 1415 1289 1228 1425 1341 1247 1187 1498 1336 1468 1519 1295 1460 1226 1282 1376 1281 1490 1369 1275
1007 1004 841 1127 1150 1061 1278 1151 1193 1211 1022 1036 1273 1158 1112 1183 1064 1167 1044 1155 1083 920 1008 977 1135 885 852 935 904 1069 1044 1060 1179 934 1293 1124 1129 1087 1142 974 1189 1271 1069 1067 1164 1197 982 1167 1120 1077 1114 1189 1094 1134 1102 1029 1167 950 1112 1230 949 1255 1071 1049
1168 1323 1308 1365 1234 1180 1360 1359 1373 1422 915 1062 1442 1320 1290 1328 1289 1244 1122 1291 1327 1353 1141 1198 1362 974 1118 1120 1045 1285 1318 1309 1282 1128 1483 1328 1361 1221 1371 1086 1403 1369 1190 1098 1250 1218 1044 1356 1409 1252 1023 1405 1207 1276 1313 1158 1361 961 1219 1411 1250 1219 1201 1273
1144 1345 1299 1257 1369 1158 1423 1305 1286 1489 1114 1177 1427 1155 1287 1350 1164 1254 1231 1166 1370 1237 1196 1199 1405 998 1245 1121 1169 1246 1239 1159 1433 1276 1674 1385 1415 1265 1331 1204 1401 1492 1168 1224 1335 1108 1034 1336 1360 1131 1092 1268 1279 1280 1306 1368 1418 1052 1244 1232 1083 1330 1325 1044
1227 1274 1241 1323 1249 1141 1458 1358 1447 1467 1097 1118 1395 1274 1369 1391 1206 1429 1173 1437 1275 1215 1197 1200 1441 1084 1178 1220 1193 1286 1345 1270 1392 1223 1525 1285 1449 1234 1291 1290 1447 1446 1186 1205 1276 1215 1127 1291 1420 1187 1222 1511 1203 1379 1349 1108 1383 1142 1366 1362 1105 1436 1370 1033
1087 1128 1270 1156 1240 1247 1348 1262 1130 1157 1062 1000 1349 1265 1295 1341 1205 1310 1071 1220 1379 1220 1079 1088 1401 996 1160 1123 1120 1107 1277 1300 1161 927 1500 1117 1285 1266 1206 1014 1306 1213 1019 1044 1170 1336 1015 1228 1331 1235 1053 1325 1228 1158 1192 1139 1253 830 1288 1189 1152 1241 1160 1041
1203 1342 1304 1272 1281 1320 1398 1350 1187 1420 1080 1085 1484 1179 1358 1437 1105 1436 1124 1280 1452 1206 1106 1217 1391 1027 1190 1064 1045 1195 1221 1312 1370 1217 1697 1278 1362 1249 1288 1186 1383 1376 1207 1118 1234 1302 1061 1459 1319 1268 1169 1332 1324 1330 1351 1248 1427 1092 1251 1400 1203 1376 1369 1127
1197 1248 1299 1175 1173 1157 1376 1271 1310 1440 1045 1089 1282 1176 1345 1417 1139 1248 1083 1308 1385 1356 1201 1250 1400 986 1166 1130 1065 1124 1305 1255 1170 1082 1378 1242 1346 1158 1179 1140 1308 1348 1025 1122 1146 1249 1048 1288 1342 1258 1156 1397 1245 1380 1279 1030 1357 1056 1348 1332 1185 1139 1295 1014
1171 1154 1190 1159 1161 1200 1382 1201 1204 1310 932 1084 1428 1159 1248 1286 1142 1261 1020 1240 1281 1144 1093 1191 1337 944 1148 1123 1091 1275 1261 1226 1180 1044 1551 1061 1270 1254 1214 1238 1290 1293 1079 1084 1147 1071 927 1313 1237 1226 1139 1404 1123 1203 1149 1099 1234 1072 1351 1184 1005 1285 1124 1017
1122 1144 1048 1060 1218 1158 1371 1236 1223 1293 1022 1142 1407 1216 1106 1265 1295 1278 1126 1201 1363 1149 1183 1142 1412 995 1075 1031 1017 1105 1245 968 1198 1068 1382 1234 1303 1062 1228 1114 1316 1338 1074 1068 977 1299 1081 1211 1335 1106 1159 1262 1292 1182 1319 1083 1060 1025 1310 1348 1094 1326 1113 1040
1053 1128 1138 1121 1191 1237 1199 1101 1140 1328 965 1023 1264 1100 1176 1380 1033 1248 1083 1151 1243 1177 1045 1072 1340 992 1117 1011 1025 1106 1188 1046 1161 1096 1393 1071 1401 1154 1242 1041 1201 1331 1028 1021 1052 1066 994 1171 1283 1167 1145 1366 1300 989 1242 1191 1208 1051 1160 1177 1107 1260 1145 1069
1200 1133 1250 1230 1210 1265 1281 1250 1205 1407 1111 975 1427 1232 1210 1311 1238 1290 1126 1286 1479 1201 1014 1240 1280 1067 1140 1041 1094 1060 1313 1182 1290 1046 1448 1138 1257 1261 1353 1111 1325 1349 1105 1123 1060 1220 1003 1394 1218 1237 1014 1292 1261 1268 1354 1238 1335 1020 1264 1349 1190 1308 1089 1064
1079 1224 1185 1195 1200 1236 1340 1210 1194 1323 1051 1080 1294 1047 1140 1249 1180 1352 1040 1216 1306 1121 1224 1024 1288 1068 990 1018 1163 1004 1338 1090 1150 1121 1416 1116 1310 1241 1264 1161 1308 1349 1070 1037 1054 1155 1061 1187 1281 1074 1124 1305 1186 1253 1280 1217 1321 996 1245 1262 1092 1275 1128 928
1130 1216 1237 1146 1248 1092 1224 1300 1254 1410 988 979 1295 1186 1216 1197 1241 1372 1205 1275 1291 1091 1112 1168 1337 993 1139 1168 1088 1140 1254 1229 1319 1006 1441 1199 1139 1294 1212 1205 1289 1354 1024 1162 1149 1274 1020 1340 1324 1055 1051 1326 1311 1373 1367 1059 1358 1037 1247 1236 1100 1295 1171 1100
1260 1470 1381 1421 1468 1351 1613 1509 1431 1562 1240 1169 1577 1485 1388 1404 1309 1480 1306 1401 1596 1347 1295 1301 1628 1152 1260 1120 1349 1294 1399 1300 1569 1178 1655 1471 1516 1449 1512 1347 1526 1603 1252 1360 1378 1537 1232 1465 1467 1283 1378 1430 1512 1422 1500 1474 1482 1163 1459 1576 1240 1583 1358 1177
1438 1431 1463 1537 1467 1437 1631 1483 1585 1637 1324 1279 1658 1487 1381 1590 1425 1440 1340 1442 1684 1474 1323 1433 1645 1354 1289 1181 1369 1353 1488 1354 1516 1234 1652 1338 1572 1496 1597 1231 1584 1550 1187 1401 1390 1389 1310 1489 1660 1361 1454 1514 1532 1419 1413 1373 1483 1210 1513 1587 1331 1554 1380 1318
1219 1258 1379 1272 1273 1162 1449 1270 1254 1308 1031 1088 1445 1454 1348 1332 1291 1332 1164 1333 1369 1246 1108 1246 1494 1086 1227 1168 1246 1299 1337 1497 1285 1037 1541 1338 1419 1348 1292 1202 1368 1268 1102 1094 1308 1331 1063 1336 1415 1358 1126 1360 1230 1225 1230 1235 1395 952 1367 1270 1140 1325 1268 1124
1339 1373 1296 1447 1406 1323 1602 1538 1598 1607 1211 1267 1622 1421 1328 1474 1502 1558 1399 1521 1564 1292 1249 1231 1566 1205 1146 1287 1294 1347 1423 1392 1455 1207 1821 1326 1458 1443 1472 1338 1599 1447 1340 1244 1341 1467 1142 1552 1532 1504 1283 1448 1316 1389 1434 1286 1505 1116 1259 1468 1255 1477 1336 1274
1178 1233 1219 1335 1234 1242 1429 1249 1274 1347 1098 1108 1512 1294 1299 1235 1332 1311 1165 1288 1451 1214 1032 1139 1436 1224 1246 1046 1213 1193 1337 1320 1372 988 1514 1172 1297 1280 1355 1151 1304 1306 1155 1092 1098 1362 1035 1361 1452 1240 1177 1351 1246 1337 1290 1171 1409 1001 1421 1406 1129 1385 1250 1077
1482 1282 1317 1460 1474 1307 1515 1407 1561 1717 1196 1312 1622 1410 1466 1486 1389 1441 1288 1390 1548 1273 1304 1404 1489 1271 1212 1292 1268 1284 1544 1389 1348 1291 1659 1243 1444 1470 1511 1379 1542 1488 1314 1193 1250 1257 1161 1586 1498 1467 1299 1555 1311 1417 1420 1180 1476 1200 1491 1507 1340 1399 1290 1249
1043 1194 1196 1172 1164 1065 1378 1179 1159 1262 1008 954 1225 1119 1193 1187 1112 1250 1144 1133 1267 1056 1085 1021 1217 960 1055 905 1027 1059 1224 1253 1265 955 1439 1195 1221 1213 1158 1097 1222 1263 1036 1009 1108 1200 1015 1202 1229 1088 1087 1166 1250 1191 1199 1117 1306 881 1227 1222 1110 1263 1246 1038
1073 1227 1295 1316 1303 1269 1350 1414 1304 1338 1032 1107 1365 1191 1263 1393 1382 1305 1157 1298 1525 1145 1183 1220 1429 1115 1215 1232 1039 1173 1308 1282 1238 1000 1570 1191 1344 1295 1341 1246 1324 1394 1070 1176 1191 1373 1111 1436 1342 1257 1096 1391 1310 1299 1426 1168 1367 1090 1280 1427 1227 1335 1180 1272
1105 1348 1219 1224 1391 1220 1472 1417 1426 1422 944 1022 1387 1361 1333 1289 1146 1264 1134 1284 1320 1224 1265 1202 1382 939 1156 1111 1103 1182 1270 1226 1334 1130 1547 1344 1438 1296 1278 1232 1294 1396 1183 1113 1251 1248 1159 1260 1436 1237 1199 1380 1163 1384 1231 1170 1250 1004 1290 1309 1177 1344 1211 1059
1157 1302 1184 1217 1222 1257 1419 1223 1352 1257 1091 1047 1451 1228 1182 1256 1136 1384 1134 1181 1386 1313 1205 1107 1461 989 1200 1039 1053 1173 1244 1239 1330 1172 1469 1246 1468 1246 1342 1171 1204 1428 1102 1142 1107 1302 1190 1340 1322 1131 1254 1312 1379 1168 1371 1213 1194 1070 1289 1379 1170 1376 1276 966
1098 1231 1281 1291 1368 1107 1448 1436 1471 1412 1071 1063 1490 1188 1315 1253 1206 1121 1204 1250 1428 1098 1271 1141 1314 1069 1265 1040 1172 1216 1203 1192 1375 1034 1529 1246 1345 1239 1334 1224 1290 1331 1124 1190 1248 1092 1198 1354 1244 1222 1254 1308 1158 1321 1172 1210 1423 1011 1255 1355 1181 1392 1084 1134
1217 1328 1375 1290 1321 1394 1432 1355 1441 1534 1023 1175 1398 1291 1336 1433 1105 1410 1140 1372 1426 1318 1194 1337 1501 1123 1290 1190 1130 1266 1360 1267 1376 1208 1554 1232 1401 1341 1310 1286 1345 1370 1116 1287 1351 1218 1140 1351 1463 1298 1304 1512 1415 1340 1389 1264 1408 1237 1354 1408 1173 1402 1378 1159
1393 1323 1314 1233 1282 1307 1464 1340 1401 1487 1047 1217 1461 1320 1254 1313 1238 1340 1105 1404 1434 1250 1145 1324 1406 1132 1109 1097 1067 1131 1444 1329 1333 1108 1528 1352 1314 1342 1456 1208 1548 1467 1187 1092 1124 1358 1153 1468 1361 1343 1214 1435 1243 1325 1377 1228 1252 1034 1362 1464 1207 1379 1317 1169
963 1106 1151 1047 1161 1172 1210 1217 1031 1243 864 971 1363 1169 1281 1312 1004 1244 1053 1228 1197 1252 1105 1130 1307 894 1115 1050 1033 997 1161 1179 1189 1040 1429 1130 1292 1135 1151 1129 1179 1308 1103 1039 1094 1157 972 1144 1282 1124 1009 1242 1182 1276 1239 1083 1190 992 1294 1163 1091 1162 1160 925
1331 1387 1331 1272 1372 1330 1529 1439 1445 1651 1120 1221 1480 1314 1357 1437 1405 1455 1242 1511 1527 1365 1263 1366 1575 1211 1217 1287 1293 1337 1496 1371 1318 1059 1668 1241 1507 1474 1353 1427 1538 1525 1247 1199 1193 1436 1169 1410 1421 1422 1365 1464 1375 1430 1364 1281 1389 1165 1419 1491 1232 1452 1372 1228
1383 1421 1330 1420 1308 1399 1451 1336 1473 1634 1161 1152 1530 1313 1420 1464 1360 1485 1251 1345 1362 1209 1315 1287 1462 1238 1225 1255 1153 1270 1367 1299 1524 1384 1854 1376 1427 1364 1353 1254 1576 1604 1252 1199 1404 1177 1099 1464 1221 1278 1220 1545 1436 1404 1384 1383 1442 1163 1398 1434 1163 1526 1425 1102
1043 1099 937 1186 1234 1037 1217 1249 1124 1147 1030 785 1128 1086 1094 1214 983 1107 1060 1142 1073 981 925 959 1131 741 1084 1036 1034 1213 1039 1126 1117 951 1334 1043 1210 1047 988 942 1121 1064 884 931 1120 1057 964 1136 1040 1023 1039 1117 1031 1086 1045 1031 1287 830 987 1153 935 1257 1057 921
1219 1440 1469 1338 1358 1321 1496 1540 1415 1508 1226 1108 1468 1449 1415 1494 1315 1452 1147 1491 1515 1424 1314 1259 1482 1151 1251 1145 1177 1296 1464 1368 1474 1108 1649 1305 1438 1432 1437 1280 1478 1576 1116 1186 1279 1360 1143 1432 1473 1283 1392 1421 1327 1424 1391 1377 1390 1117 1363 1571 1173 1340 1332 1180
1248 1248 1261 1271 1243 1257 1355 1303 1140 1288 1089 1147 1486 1238 1252 1385 1278 1339 1162 1228 1414 1195 1223 1186 1370 1055 1267 1145 1148 1214 1260 1250 1279 1121 1426 1202 1280 1170 1269 1054 1436 1258 1136 944 1199 1154 1005 1352 1330 1255 1113 1200 1281 1223 1183 1206 1287 984 1414 1383 1046 1341 1196 1041
1253 1402 1331 1330 1522 1331 1456 1410 1474 1530 1104 1192 1418 1458 1424 1455 1223 1492 1266 1438 1331 1290 1274 1277 1467 1234 1255 1386 1139 1253 1537 1231 1500 1326 1730 1379 1454 1388 1383 1402 1549 1544 1220 1198 1268 1248 1126 1463 1385 1296 1322 1537 1283 1395 1460 1348 1371 1170 1338 1449 1096 1495 1361 1124
1203 1237 1312 1155 1470 1291 1453 1333 1208 1390 1049 1248 1526 1357 1273 1393 1218 1332 1280 1429 1293 1243 1254 1169 1492 1095 1196 1127 1229 1310 1341 1340 1202 1067 1520 1338 1459 1229 1290 1284 1422 1402 1310 1083 1306 1247 1098 1399 1356 1323 1245 1492 1240 1329 1215 1212 1435 1144 1333 1305 990 1334 1342 1135
1125 1254 1370 1246 1344 1293 1430 1290 1145 1375 1299 1138 1530 1360 1428 1473 1266 1360 1245 1283 1518 1421 1133 1229 1465 1078 1320 1271 1256 1179 1333 1292 1309 1128 1685 1181 1624 1318 1452 1239 1422 1404 1149 1162 1180 1354 1149 1373 1346 1317 1041 1366 1296 1315 1432 1139 1407 1104 1384 1450 1218 1227 1231 1074
1299 1275 1367 1381 1360 1248 1419 1341 1357 1561 1172 1020 1375 1301 1506 1371 1196 1427 1193 1363 1466 1284 1246 1397 1472 1140 1207 1237 1217 1218 1398 1447 1295 1202 1621 1220 1342 1385 1310 1201 1482 1389 1163 1134 1337 1285 1127 1473 1348 1286 1088 1379 1274 1389 1358 1144 1437 1067 1399 1397 1225 1307 1440 1153
1228 1381 1415 1315 1474 1242 1510 1417 1333 1615 1144 1178 1392 1394 1468 1524 1380 1471 1343 1462 1487 1260 1296 1275 1590 1194 1325 1253 1371 1297 1493 1379 1373 1155 1629 1330 1504 1405 1334 1378 1451 1606 1255 1223 1293 1423 1209 1376 1393 1368 1385 1507 1366 1430 1482 1420 1482 1122 1322 1380 1263 1523 1378 1192
1088 1050 1080 1107 1242 1174 1321 1258 1200 1247 935 1126 1392 1166 1200 1247 1163 1172 1114 1212 1330 1120 938 1114 1346 1045 1180 972 1061 1077 1184 1109 1256 1089 1450 1208 1277 1165 1179 1111 1216 1233 1169 1098 1066 1193 912 1460 1326 1223 1153 1271 1249 1267 1337 1184 1308 1007 1126 1241 1080 1357 1225 1035
1366 1461 1518 1523 1373 1375 1611 1510 1380 1522 1355 1288 1570 1396 1480 1657 1440 1544 1279 1451 1520 1338 1342 1288 1449 1251 1387 1209 1302 1442 1440 1490 1452 1288 1759 1428 1558 1295 1465 1205 1521 1629 1404 1278 1392 1302 1202 1504 1513 1424 1391 1524 1432 1453 1464 1418 1614 1201 1363 1480 1283 1464 1541 1199
1103 1049 1140 1349 1157 1120 1317 1173 1116 1357 1079 1080 1344 1238 1259 1301 1165 1235 1020 1229 1321 1226 964 1093 1226 1012 1019 1046 1058 1109 1296 1064 1218 1136 1461 1189 1328 1215 1201 1158 1412 1255 1091 1108 1106 1116 1016 1319 1187 1239 1008 1449 1174 1148 1378 1101 1229 1045 1131 1297 1080 1220 1087 1103
1183 1173 1164 1291 1162 1265 1442 1230 1337 1393 996 1181 1425 1334 1266 1372 1239 1346 1174 1371 1422 1301 1119 1166 1466 1090 984 1163 1109 1066 1258 1246 1344 1116 1600 1306 1260 1215 1236 1250 1430 1303 1198 1184 1187 1319 941 1491 1431 1341 1208 1390 1250 1273 1371 1294 1355 1060 1256 1413 1143 1313 1286 1137
1298 1317 1499 1440 1507 1462 1791 1568 1405 1611 1364 1370 1706 1437 1715 1640 1507 1470 1221 1507 1726 1368 1407 1371 1557 1298 1339 1339 1341 1326 1566 1502 1507 1224 1828 1355 1504 1599 1576 1492 1609 1724 1398 1364 1359 1486 1343 1567 1624 1461 1414 1553 1431 1470 1516 1385 1581 1286 1556 1523 1323 1576 1529 1378
1149 1203 1128 1130 1180 1170 1359 1139 1183 1217 986 1030 1269 1204 1208 1306 1028 1283 1021 1204 1249 1053 977 1194 1250 940 1139 953 992 1255 1181 1160 1093 1174 1323 1284 1347 1181 1224 1103 1291 1276 1112 1031 1088 1179 1082 1295 1304 1166 1139 1376 1198 1188 1220 1073 1257 1029 1303 1252 1082 1317 1165 1060
1209 1248 1352 1248 1387 1339 1484 1378 1449 1497 1154 1168 1446 1391 1392 1400 1445 1455 1339 1499 1461 1409 1174 1243 1634 1197 1272 1336 1331 1240 1488 1343 1334 1050 1532 1180 1456 1419 1456 1334 1431 1439 1054 1222 1216 1404 1131 1389 1437 1252 1269 1497 1318 1289 1353 1248 1425 1087 1320 1454 1189 1431 1267 1249
1288 1303 1459 1388 1477 1450 1556 1451 1337 1580 1219 1248 1635 1465 1445 1544 1374 1377 1176 1466 1590 1268 1300 1309 1516 1231 1274 1284 1341 1207 1427 1404 1458 1102 1692 1404 1384 1364 1388 1288 1553 1442 1286 1169 1392 1416 1209 1369 1557 1422 1279 1456 1286 1487 1381 1288 1453 1145 1358 1496 1203 1460 1340 1179
1160 1215 1146 1180 1175 1002 1208 1102 1265 1374 896 1116 1374 1199 1020 1120 1194 1159 1054 1121 1156 1071 1107 1164 1211 998 1032 896 987 1129 1155 1243 1157 1009 1399 1215 1267 1155 1313 1102 1330 1417 1052 984 1077 1091 984 1338 1154 1103 1042 1300 1070 1141 1104 1069 1223 976 1131 1282 1022 1211 1126 1044
