1445 1370 1303 1315 1532 1321 1391 1414 1283 1152 1235 1394 1425 1355 1397 1436 1237 1209 1243 1392 1362 1375 1199 1261 1448 1451 1310 1550 1411 1255 1469 1166 1362 1400 1283 1197 1201 1355 1130 1256 1448 1433 1301 1384 1417 1663 1296 1408 1572 1351 1113 1331 1160 1286 1488 1212 1455 1386 1379 1160 1189 1373 1310 1112
1329 1248 1197 1158 1464 1172 1146 1185 1135 1094 999 1279 1151 1336 1356 1286 1171 1241 1267 1238 1278 1287 1437 1164 1351 1160 1030 1250 1316 1264 1303 966 1181 1416 1230 1252 1078 1244 1082 1255 1343 1299 1172 1335 1197 1416 1141 1386 1405 1276 1169 1083 1198 1058 1430 1232 1567 1195 1247 1225 1133 1393 1325 1095
1657 1357 1289 1331 1522 1448 1311 1342 1261 1309 1246 1478 1481 1474 1506 1511 1308 1312 1366 1516 1589 1330 1441 1451 1400 1379 1173 1460 1384 1299 1573 1298 1423 1487 1499 1410 1257 1408 1262 1340 1514 1462 1442 1567 1423 1606 1362 1608 1536 1577 1250 1256 1245 1187 1588 1205 1614 1441 1398 1261 1189 1514 1336 1229
1518 1387 1354 1399 1679 1401 1291 1409 1329 1268 1222 1486 1353 1443 1415 1555 1158 1443 1378 1394 1485 1365 1356 1468 1594 1403 1241 1355 1425 1391 1648 1272 1334 1461 1409 1372 1390 1486 1311 1231 1524 1586 1295 1521 1331 1594 1401 1372 1594 1427 1325 1496 1281 1202 1646 1317 1711 1476 1535 1226 1322 1523 1524 1408
1473 1249 1211 1301 1459 1453 1269 1344 1308 1180 1086 1247 1204 1302 1345 1352 1200 1326 1255 1199 1376 1302 1202 1285 1468 1392 1146 1303 1279 1266 1430 1187 1235 1393 1251 1250 1246 1354 1091 1268 1442 1411 1399 1273 1414 1567 1332 1363 1539 1399 1182 1220 1054 1251 1448 1168 1423 1423 1418 1199 1226 1399 1400 1093
1611 1581 1370 1554 1684 1499 1354 1362 1327 1321 1186 1507 1301 1396 1524 1484 1337 1396 1360 1371 1576 1382 1427 1459 1556 1409 1150 1392 1383 1344 1676 1248 1318 1704 1490 1424 1457 1511 1191 1327 1669 1760 1433 1586 1415 1746 1443 1437 1658 1557 1219 1427 1194 1280 1719 1331 1741 1392 1570 1301 1298 1528 1613 1205
1447 1260 1225 1287 1511 1398 1195 1255 1208 1305 1112 1282 1267 1231 1465 1280 1226 1372 1293 1227 1407 1216 1321 1317 1474 1340 1077 1351 1184 1246 1319 1194 1184 1516 1410 1309 1280 1378 1170 1200 1459 1447 1372 1402 1345 1513 1195 1388 1593 1375 1158 1238 1015 1285 1541 1202 1543 1381 1400 1225 1194 1458 1471 1087
1579 1397 1336 1383 1471 1303 1219 1439 1226 1301 1185 1489 1249 1378 1496 1556 1250 1477 1376 1253 1349 1372 1390 1246 1586 1434 1231 1323 1278 1437 1511 1322 1181 1433 1312 1217 1332 1404 1027 1261 1437 1512 1396 1400 1426 1587 1410 1480 1542 1433 1197 1372 1337 1264 1564 1196 1567 1426 1453 1265 1246 1378 1350 1303
1459 1306 1240 1220 1510 1210 1296 1300 1197 1159 1064 1218 1190 1280 1410 1235 1165 1392 1203 1159 1285 1231 1145 1152 1361 1246 1119 1291 1207 1186 1390 1219 1185 1290 1198 1271 1225 1290 990 1160 1329 1318 1223 1411 1296 1446 1201 1303 1523 1178 1056 1395 1139 1303 1423 1212 1314 1291 1296 1105 1247 1394 1290 969
1349 1268 1055 1259 1503 1325 1250 1357 1160 1120 1044 1231 1124 1326 1378 1322 1190 1322 1293 1086 1304 1220 1193 1363 1401 1310 1123 1282 1202 1070 1370 1137 1071 1392 1339 1197 1310 1324 1098 1138 1432 1425 1258 1315 1251 1405 1201 1237 1462 1324 1127 1215 1049 1315 1433 1275 1405 1241 1307 1145 1208 1398 1357 1008
1377 1188 1067 1221 1448 1209 1101 1323 1234 1120 1068 1317 1149 1178 1310 1233 1165 1155 1237 1169 1277 1068 1211 1171 1375 1251 938 1185 1173 1254 1254 1150 1113 1211 1180 1134 1178 1281 1042 1012 1309 1350 1182 1221 1227 1333 1289 1327 1320 1279 1118 1097 1097 1183 1359 1120 1389 1192 1228 1105 1185 1334 1143 1015
1376 1216 1075 1066 1402 1269 1085 1191 1087 1278 1084 1233 1159 1266 1310 1263 1139 1123 1133 988 1316 1162 1268 1160 1303 1187 1019 1239 1265 1031 1302 1044 1132 1203 1125 1158 1121 1303 958 1058 1275 1400 1315 1329 1034 1410 1127 1399 1394 1336 1110 1138 1029 1087 1377 1257 1395 1263 1271 976 1159 1213 1147 1036
1655 1363 1454 1371 1635 1385 1328 1576 1381 1286 1173 1596 1425 1440 1420 1539 1306 1366 1510 1478 1520 1461 1548 1325 1574 1240 1143 1404 1367 1381 1593 1199 1440 1464 1358 1534 1205 1541 1080 1384 1564 1685 1582 1561 1377 1719 1416 1536 1661 1502 1246 1375 1273 1167 1668 1372 1692 1467 1531 1232 1216 1549 1407 1261
1599 1233 1285 1262 1487 1290 1369 1411 1250 1182 1295 1231 1350 1367 1373 1289 1227 1294 1395 1217 1392 1381 1345 1241 1477 1368 1233 1408 1396 1205 1487 1142 1255 1431 1437 1223 1215 1278 1150 1151 1378 1491 1306 1412 1302 1527 1264 1437 1501 1491 1050 1320 1016 1126 1501 1136 1494 1362 1430 1273 1279 1464 1296 1222
1454 1208 1202 1136 1361 1286 1231 1231 1118 1144 1181 1361 1204 1280 1416 1297 1225 1392 1273 1061 1352 1235 1229 1316 1379 1283 1135 1282 1325 1221 1420 1077 1200 1401 1329 1285 1172 1302 1041 1112 1352 1373 1212 1274 1314 1473 1157 1341 1563 1345 1069 1119 1124 1100 1435 1062 1530 1397 1288 1238 1006 1342 1277 1148
1449 1263 1102 1229 1516 1283 1184 1264 1249 1131 1144 1299 1165 1265 1328 1449 1233 1242 1204 1166 1354 1344 1186 1328 1519 1395 1143 1306 1355 1253 1478 1195 1136 1385 1251 1227 1184 1308 1203 1077 1377 1545 1258 1269 1237 1467 1249 1362 1499 1307 1155 1184 1018 1173 1475 1178 1556 1371 1298 1128 1180 1478 1263 1221
1296 1259 1097 1286 1321 1252 1126 1126 1114 1068 952 1347 1172 1171 1338 1250 1161 1151 1294 1227 1264 1255 1106 1118 1323 1215 1017 1366 1216 1139 1387 948 1203 1297 1230 1175 1245 1294 1059 1153 1433 1431 1201 1329 1204 1283 1040 1296 1399 1204 1033 1143 1044 1118 1330 1086 1338 1207 1247 1077 1117 1424 1201 1036
1706 1559 1496 1618 1609 1594 1450 1530 1371 1279 1297 1435 1448 1553 1583 1534 1330 1639 1497 1419 1553 1450 1484 1410 1654 1564 1377 1537 1496 1381 1651 1243 1562 1761 1481 1494 1506 1537 1165 1418 1641 1555 1586 1591 1655 1810 1491 1606 1767 1485 1294 1486 1302 1434 1727 1276 1698 1455 1515 1356 1408 1655 1701 1244
1743 1582 1397 1485 1632 1627 1397 1346 1334 1548 1256 1474 1468 1479 1662 1537 1473 1294 1380 1362 1516 1479 1385 1494 1686 1432 1336 1468 1387 1257 1583 1336 1347 1550 1423 1437 1400 1500 1182 1419 1736 1769 1543 1500 1452 1750 1341 1644 1766 1615 1288 1426 1228 1338 1689 1471 1568 1514 1655 1302 1403 1524 1488 1179
1661 1435 1424 1553 1739 1461 1412 1427 1341 1426 1256 1504 1356 1494 1616 1775 1299 1511 1481 1416 1565 1459 1530 1396 1696 1523 1379 1590 1438 1433 1722 1369 1439 1702 1456 1424 1466 1571 1342 1330 1647 1637 1546 1618 1457 1746 1402 1590 1702 1553 1333 1444 1246 1302 1761 1369 1869 1526 1622 1281 1466 1681 1561 1436
1599 1287 1311 1330 1568 1460 1228 1360 1429 1297 1204 1304 1377 1460 1464 1495 1194 1265 1391 1288 1365 1331 1504 1372 1524 1273 1235 1416 1386 1150 1473 1199 1246 1364 1321 1373 1144 1339 1159 1456 1438 1512 1368 1404 1345 1573 1254 1486 1505 1601 1325 1203 1205 1059 1528 1194 1553 1379 1427 1272 1160 1435 1367 1222
1493 1246 1165 1330 1540 1364 1290 1284 1203 1174 1107 1263 1333 1200 1318 1255 1139 1433 1252 1315 1392 1298 1160 1318 1439 1187 974 1205 1317 1196 1470 1177 1304 1454 1344 1184 1171 1254 1038 1174 1456 1353 1400 1326 1333 1515 1327 1365 1415 1449 1196 1068 1246 1121 1472 1080 1613 1281 1413 1063 1114 1412 1297 1067
1396 1269 1283 1261 1426 1270 1180 1118 1258 1377 1070 1450 1195 1358 1448 1260 1315 1247 1345 1292 1297 1253 1306 1226 1348 1156 1056 1404 1329 1200 1455 1052 1125 1305 1233 1252 1130 1320 1046 1252 1457 1385 1264 1416 1302 1589 1115 1364 1537 1246 1103 1218 1054 1098 1517 1186 1390 1319 1387 1222 1218 1394 1315 1022
1675 1522 1442 1490 1819 1501 1484 1549 1488 1448 1410 1602 1434 1630 1601 1594 1346 1499 1458 1463 1671 1617 1535 1517 1833 1431 1288 1582 1559 1552 1729 1348 1353 1724 1526 1345 1494 1561 1409 1342 1782 1781 1561 1630 1554 1732 1453 1670 1751 1701 1371 1430 1261 1382 1835 1455 1796 1534 1610 1490 1457 1739 1594 1201
1527 1297 1211 1238 1543 1264 1286 1361 1246 1293 1140 1475 1273 1379 1446 1441 1204 1291 1382 1335 1502 1345 1371 1401 1571 1312 1179 1485 1357 1241 1384 1184 1410 1423 1416 1386 1372 1435 1126 1141 1439 1546 1413 1443 1246 1496 1303 1416 1553 1507 1183 1410 1245 1165 1622 1182 1478 1418 1470 1229 1216 1417 1427 1276
1641 1498 1490 1451 1722 1468 1575 1513 1360 1353 1374 1445 1395 1761 1587 1655 1309 1506 1373 1547 1601 1513 1473 1518 1705 1507 1283 1521 1519 1275 1755 1403 1375 1676 1529 1469 1518 1617 1295 1339 1689 1665 1592 1723 1423 1795 1491 1630 1812 1647 1218 1507 1260 1425 1751 1377 1740 1597 1537 1357 1347 1388 1680 1350
1553 1318 1322 1220 1431 1284 1322 1206 1183 1180 1182 1326 1378 1223 1335 1371 1284 1235 1258 1333 1378 1354 1250 1216 1480 1344 1165 1483 1307 1334 1479 1178 1257 1497 1354 1340 1222 1375 1164 1234 1563 1450 1343 1394 1341 1564 1265 1356 1567 1359 1103 1282 1099 1103 1509 1123 1523 1402 1436 1145 1310 1406 1366 1216
1393 1243 1220 1245 1248 1259 1186 1171 1201 1117 1059 1268 1163 1215 1312 1297 1081 1172 1298 1217 1198 1196 1258 1121 1393 1277 1164 1224 1225 1123 1413 1101 1067 1244 1139 1199 1180 1220 1068 1314 1302 1370 1269 1230 1371 1372 1151 1221 1297 1219 958 1234 964 1148 1315 1117 1361 1327 1285 1061 1094 1547 1324 931
1392 1219 1157 1176 1456 1144 1242 1348 1099 1065 1139 1293 1224 1345 1278 1307 1072 1246 1192 1227 1376 1284 1289 1228 1371 1261 1122 1220 1260 1242 1511 1155 1019 1376 1225 1101 1253 1338 1125 1197 1319 1354 1245 1278 1330 1412 1266 1342 1278 1408 1088 1139 1175 1140 1381 1204 1501 1303 1368 1161 1107 1393 1203 1062
1515 1310 1228 1386 1509 1359 1228 1329 1219 1316 1199 1500 1215 1258 1464 1445 1295 1283 1382 1143 1518 1383 1265 1364 1563 1304 1245 1393 1237 1353 1505 1132 1357 1483 1365 1245 1230 1343 996 1192 1615 1448 1348 1356 1364 1577 1293 1471 1563 1439 1266 1210 1208 1271 1594 1232 1588 1461 1553 1264 1191 1508 1343 1087
1604 1393 1353 1473 1551 1433 1201 1309 1312 1276 1241 1461 1312 1347 1433 1428 1297 1439 1386 1343 1335 1326 1269 1425 1511 1307 1172 1427 1343 1246 1552 1291 1313 1366 1430 1366 1348 1328 1148 1202 1431 1566 1364 1514 1349 1559 1208 1436 1638 1369 1211 1429 1078 1290 1604 1320 1506 1315 1391 1322 1324 1519 1414 1129
1624 1439 1321 1351 1472 1332 1223 1295 1269 1242 1200 1403 1307 1375 1393 1448 1108 1299 1316 1381 1386 1298 1368 1256 1603 1355 1243 1362 1377 1224 1552 1169 1367 1343 1313 1389 1215 1325 1127 1247 1289 1533 1374 1374 1394 1699 1411 1448 1522 1357 1242 1419 1163 1307 1441 1280 1514 1320 1374 1171 1288 1473 1437 1096
1417 1492 1270 1235 1513 1322 1308 1365 1309 1105 1163 1300 1323 1269 1368 1427 1266 1207 1219 1217 1503 1359 1144 1356 1401 1256 1095 1469 1238 1230 1533 1146 1270 1411 1381 1269 1263 1323 1155 1260 1501 1538 1279 1370 1327 1490 1213 1430 1460 1492 1093 1320 1067 1291 1477 1272 1477 1426 1424 1122 1255 1471 1352 1115
1628 1550 1580 1605 1826 1524 1429 1439 1538 1461 1339 1535 1414 1614 1622 1667 1367 1541 1552 1584 1626 1519 1603 1461 1707 1475 1344 1523 1590 1441 1874 1313 1377 1760 1542 1492 1486 1471 1348 1418 1670 1698 1453 1736 1563 1778 1458 1632 1720 1609 1436 1546 1307 1399 1759 1475 1758 1557 1664 1435 1559 1686 1648 1342
1553 1426 1301 1300 1442 1253 1442 1312 1168 1204 1149 1427 1248 1574 1489 1378 1301 1265 1440 1271 1436 1365 1311 1352 1551 1305 1253 1397 1435 1356 1572 1199 1281 1396 1335 1415 1299 1434 1139 1255 1633 1462 1385 1416 1438 1537 1453 1440 1506 1426 1163 1345 1294 1205 1475 1146 1525 1412 1314 1322 1333 1510 1421 1094
1575 1321 1177 1306 1415 1344 1237 1188 1323 1303 1112 1409 1273 1370 1444 1371 1198 1155 1296 1237 1419 1327 1335 1237 1394 1467 1260 1418 1416 1285 1412 1038 1313 1440 1256 1376 1155 1470 1158 1324 1418 1549 1342 1355 1399 1604 1228 1425 1497 1290 1163 1265 1047 1129 1536 1198 1466 1523 1461 1229 1108 1572 1348 1117
1448 1417 1294 1262 1677 1365 1401 1245 1264 1274 1227 1288 1293 1274 1472 1356 1247 1305 1395 1309 1414 1347 1272 1282 1533 1226 1127 1368 1361 1214 1502 1236 1325 1541 1397 1318 1280 1325 1151 1230 1533 1506 1375 1406 1339 1633 1339 1457 1592 1526 1147 1355 1187 1204 1564 1170 1658 1455 1552 1143 1268 1498 1323 1194
1395 1250 1115 1279 1327 1246 1177 1087 1269 1092 939 1164 1128 1307 1313 1276 1084 1100 1200 1223 1233 1111 1043 1114 1357 1057 1051 1350 1210 1008 1359 898 1255 1275 1089 1267 1154 1240 1033 1093 1282 1267 1267 1311 1254 1338 1101 1379 1405 1280 1088 1084 1013 1072 1386 1089 1282 1183 1171 1145 1058 1296 1345 950
1294 1045 1176 1091 1342 1112 1155 1171 1166 1017 1010 1194 1153 1170 1230 1251 903 1071 1132 1132 1334 1142 1220 1148 1335 1178 1064 1132 1105 1083 1265 987 1065 1261 1062 1103 1102 1216 990 1081 1228 1255 1196 1218 1120 1264 1098 1273 1309 1195 1007 1157 986 1043 1299 1090 1398 1228 1225 963 1003 1258 1239 995
1494 1354 1293 1418 1541 1403 1294 1402 1367 1148 1219 1434 1320 1328 1381 1383 1228 1462 1389 1345 1468 1421 1315 1283 1555 1389 1125 1335 1494 1318 1589 1256 1302 1443 1331 1331 1373 1454 1132 1345 1539 1602 1340 1462 1343 1462 1438 1301 1523 1377 1175 1226 1137 1169 1543 1154 1540 1391 1389 1189 1309 1547 1380 1208
1378 1245 1171 1280 1483 1288 1148 1291 1159 1193 1084 1393 1228 1275 1395 1258 1216 1219 1395 1240 1221 1194 1247 1201 1420 1171 1056 1483 1270 1150 1379 1024 1327 1269 1275 1346 1287 1353 1083 1154 1344 1357 1304 1404 1266 1394 1046 1313 1424 1371 1096 1253 1144 1072 1477 1145 1435 1307 1317 1269 1087 1397 1324 1029
1350 1150 1146 1260 1367 1156 1067 1089 1183 1149 1049 1269 1222 1173 1296 1191 1095 1115 1172 1238 1256 1168 1189 1146 1330 1192 907 1255 1263 1162 1323 1060 1087 1201 1201 1215 1099 1212 1022 1129 1282 1358 1161 1173 1220 1280 1134 1221 1264 1219 1064 1119 1010 976 1300 1053 1318 1222 1300 1118 1188 1360 1207 923
1348 1037 1106 1185 1258 1200 1164 1196 1079 1089 1087 1239 1166 1141 1208 1136 1096 1176 1204 1157 1183 1108 1142 1192 1161 1197 960 1134 1218 916 1235 1095 1082 1223 1256 1077 1250 1218 967 1064 1211 1329 1276 1196 1286 1300 1197 1225 1378 1321 847 1118 920 940 1401 1074 1286 1205 1314 1098 1067 1278 1112 905
1540 1376 1453 1300 1698 1372 1252 1496 1236 1262 1177 1490 1416 1351 1477 1430 1234 1355 1320 1359 1460 1205 1343 1477 1530 1369 1222 1295 1327 1389 1611 1290 1195 1334 1399 1318 1350 1449 1142 1219 1430 1495 1370 1504 1454 1766 1355 1329 1464 1481 1217 1403 1150 1152 1658 1250 1610 1378 1490 1245 1236 1370 1375 1275
1714 1429 1369 1347 1561 1425 1313 1505 1387 1266 1298 1539 1422 1399 1407 1497 1429 1403 1435 1359 1540 1350 1363 1437 1511 1413 1240 1472 1490 1419 1607 1279 1336 1441 1361 1536 1429 1510 1194 1286 1628 1681 1435 1400 1524 1602 1494 1428 1585 1469 1202 1298 1254 1214 1737 1343 1583 1414 1558 1303 1202 1628 1394 1172
1438 1354 1360 1283 1425 1279 1209 1295 1300 1071 1098 1202 1297 1378 1281 1359 1047 1186 1128 1340 1299 1322 1189 1153 1535 1265 1157 1386 1233 1267 1500 960 1187 1364 1110 1217 1130 1302 1061 1279 1312 1383 1276 1351 1321 1534 1166 1343 1435 1327 1041 1361 1060 1146 1360 1145 1395 1293 1357 1161 1118 1362 1346 1054
1374 1279 1190 1341 1420 1348 1249 1250 1258 1236 1009 1217 1133 1338 1387 1399 1245 1240 1310 1241 1319 1261 1109 1361 1431 1184 1122 1322 1250 1131 1481 1095 1180 1384 1301 1223 1162 1313 1084 1250 1499 1237 1349 1337 1385 1542 1311 1305 1392 1489 1100 1164 1176 1062 1408 1043 1483 1382 1353 1206 1033 1403 1277 1154
1525 1379 1341 1471 1673 1532 1280 1385 1397 1353 1243 1425 1410 1384 1522 1652 1223 1483 1324 1312 1467 1364 1251 1499 1605 1524 1293 1447 1322 1337 1642 1223 1301 1617 1528 1342 1458 1464 1283 1293 1572 1635 1402 1436 1471 1646 1273 1377 1676 1519 1228 1509 1160 1295 1649 1429 1738 1553 1674 1250 1285 1554 1556 1211
1373 1168 1176 1238 1442 1249 1043 1255 1309 1111 968 1202 1108 1216 1260 1355 1091 1182 1232 1132 1222 1167 1167 1139 1344 1213 1054 1313 1142 1193 1365 1066 1219 1228 1161 1184 1106 1285 999 1177 1342 1335 1179 1346 1193 1421 1178 1293 1389 1195 1173 1173 1133 1141 1486 1089 1367 1112 1250 1034 1071 1323 1233 1098
1230 1170 1186 1112 1191 1109 1017 1049 1010 1028 996 1270 1219 977 1219 1173 1056 1091 1069 1095 1169 1072 1094 1140 1311 1214 1094 1126 1102 1196 1215 981 1017 1357 1129 1199 1099 1199 844 1042 1285 1295 1170 1119 1272 1320 1087 1133 1392 1180 1047 1140 954 1006 1321 1021 1339 1227 1195 1071 936 1172 1229 921
1111 976 1001 939 1222 915 1134 1052 870 848 1024 1079 1010 1031 1061 1060 867 997 1064 1015 1062 1013 883 1090 1091 864 862 1077 1018 1012 1213 898 981 1124 1139 965 856 977 986 801 1161 1152 1110 1106 1060 1154 983 1032 1147 1112 877 909 1025 856 1175 840 1380 1132 976 941 935 1091 956 967
1297 1139 1234 1175 1453 1192 1158 1107 1150 1057 981 1245 1193 1105 1317 1220 1069 1157 1131 1210 1217 1115 1183 1243 1273 1297 984 1148 1234 1211 1314 1120 1062 1309 1202 1033 1179 1204 1048 1197 1289 1319 1120 1158 1268 1409 1144 1225 1355 1210 1027 1037 983 1062 1417 1128 1469 1112 1253 1077 1179 1285 1197 1092
1518 1268 1194 1369 1467 1267 1272 1305 1216 1230 1143 1311 1296 1292 1357 1354 1129 1341 1233 1145 1265 1344 1244 1245 1521 1343 1242 1276 1281 1181 1412 1201 1262 1407 1287 1213 1194 1303 1049 1172 1282 1554 1364 1271 1278 1492 1092 1385 1445 1340 1115 1190 1068 1149 1530 1135 1505 1426 1336 1255 1111 1395 1378 1213
1068 931 1003 907 1068 918 971 993 923 848 848 1045 936 953 993 1020 863 1068 990 991 1119 852 867 1052 1008 1046 814 937 990 888 1115 914 896 954 985 895 975 961 879 892 1041 1043 955 1024 1048 1186 1039 884 1075 888 811 909 944 898 1210 825 1195 1091 1023 736 876 909 1067 1017
1355 1358 1219 1325 1390 1300 1254 1243 1230 1241 1116 1456 1251 1284 1394 1328 1173 1276 1278 1287 1383 1283 1199 1318 1399 1334 1001 1386 1244 1142 1431 1089 1229 1392 1209 1205 1217 1355 1063 1197 1551 1388 1263 1387 1387 1449 1204 1203 1600 1300 1116 1284 1117 1208 1499 1113 1451 1395 1365 1066 1121 1340 1460 1082
1070 1137 1144 966 1468 1137 912 1115 983 1050 937 1213 933 1054 1337 1128 1092 1026 1106 1024 1126 1008 1137 1138 1207 1102 1014 1001 1032 1102 1189 970 942 1151 1086 998 1076 1181 970 1014 1110 1189 962 1234 1101 1453 1105 1162 1373 1173 1008 1108 891 973 1357 1085 1355 1089 1237 966 1032 1170 1043 1007
1460 1097 1233 1264 1407 1300 1210 1209 1161 1279 1030 1198 1229 1292 1500 1232 1103 1244 1227 1147 1254 1089 1204 1155 1391 1197 1107 1244 1277 1194 1371 1059 1157 1274 1163 1324 1111 1371 1023 1163 1453 1210 1212 1401 1296 1467 1164 1203 1388 1276 1160 1232 1182 991 1379 1092 1405 1274 1293 1176 1089 1241 1233 1003
1552 1341 1362 1462 1558 1443 1416 1470 1375 1306 1168 1389 1465 1514 1506 1406 1274 1403 1424 1482 1329 1490 1266 1330 1627 1470 1403 1522 1396 1391 1600 1291 1302 1464 1436 1333 1404 1525 1221 1527 1558 1477 1517 1424 1583 1684 1351 1516 1497 1520 1167 1375 1219 1263 1584 1220 1487 1496 1576 1451 1271 1609 1413 1148
1531 1189 1175 1186 1453 1417 1258 1366 1292 1181 1119 1276 1404 1290 1232 1251 1201 1284 1355 1265 1367 1147 1297 1453 1174 1235 1043 1389 1416 1085 1429 1208 1159 1283 1304 1378 1220 1258 1113 1245 1422 1520 1327 1294 1333 1397 1199 1332 1342 1384 1024 1224 1177 1125 1475 1132 1373 1238 1369 1098 1102 1517 1306 1137
1381 1287 1336 1294 1528 1424 1251 1288 1364 1316 1086 1175 1318 1321 1419 1317 1135 1320 1261 1202 1390 1293 1217 1394 1386 1332 1142 1270 1310 1121 1398 1103 1204 1361 1285 1162 1210 1367 1141 1311 1472 1324 1293 1445 1365 1548 1252 1355 1516 1403 1146 1235 1012 1190 1497 1200 1399 1422 1403 1096 1334 1509 1373 1021
1382 1293 1304 1281 1607 1259 1255 1226 1235 1257 1241 1304 1337 1318 1466 1501 1164 1318 1244 1365 1308 1309 1220 1221 1453 1233 1268 1292 1281 1168 1608 1274 1211 1513 1333 1291 1278 1309 1138 1252 1399 1433 1297 1383 1478 1559 1246 1536 1596 1485 1172 1209 1126 1171 1496 1276 1621 1521 1537 1245 1223 1452 1256 1046
1428 1262 1295 1221 1388 1205 1238 1290 1194 998 1170 1282 1348 1242 1258 1372 1111 1260 1189 1291 1391 1268 1187 1318 1306 1363 1118 1310 1336 1050 1390 1148 1289 1336 1304 1320 1354 1317 1054 1113 1306 1515 1265 1272 1300 1454 1261 1298 1409 1409 869 1283 1068 1004 1483 1146 1440 1209 1375 1086 1162 1333 1273 1144
1382 1322 1172 1171 1552 1283 1199 1212 1219 1130 1114 1298 1211 1318 1414 1315 1143 1203 1281 1270 1387 1287 1245 1285 1468 1262 1171 1327 1282 1210 1468 1117 1220 1389 1323 1270 1205 1325 1100 1196 1385 1403 1247 1389 1264 1577 1342 1253 1389 1401 1142 1304 1094 1081 1441 1041 1477 1287 1385 1104 1216 1429 1321 1117
1497 1302 1332 1315 1507 1323 1236 1313 1365 1242 1290 1360 1229 1260 1419 1368 1318 1268 1331 1153 1413 1302 1281 1302 1494 1366 1040 1293 1406 1170 1528 1242 1128 1325 1290 1347 1304 1293 1100 1118 1517 1503 1314 1337 1400 1407 1359 1354 1505 1424 1187 1276 1066 1178 1512 1304 1513 1380 1423 1235 1330 1425 1210 1018
