18 22 23 26 18 19 18 22 21 19 17 18 24 20 19 21 17 21 21 20 18 17 22 20 21 21 20 17 17 25 21 18 19 19 19 16 22 23 14 14 21 19 18 21 21 21 14 13 20 21 18 18 22 24 13 16 21 14 16 17 18 15 19 19
20 17 21 16 20 17 22 24 25 19 19 17 21 16 19 19 17 18 18 21 15 20 22 20 21 21 14 20 15 24 16 19 20 19 17 19 19 23 20 16 18 15 17 19 19 19 16 15 17 21 20 19 19 26 16 17 23 16 15 18 14 19 22 16
14 14 11 12 15 14 16 14 13 8 11 15 19 11 15 16 15 14 10 14 10 11 11 13 12 11 13 11 9 12 14 9 14 13 13 11 14 15 15 15 15 13 13 14 15 9 12 6 15 16 13 15 12 16 10 9 19 12 15 12 13 8 14 7
18 22 14 18 15 15 18 16 18 17 13 15 20 13 20 17 14 18 17 19 17 15 14 18 13 16 16 12 10 17 11 15 18 19 16 17 17 20 13 16 13 17 14 15 17 13 11 11 14 17 19 16 16 17 14 17 21 17 16 13 18 9 12 14
13 15 11 17 13 14 19 14 13 11 11 15 19 9 17 17 11 17 11 15 8 13 12 16 16 13 12 13 11 15 13 13 18 17 14 14 17 15 12 15 14 13 11 13 15 12 13 7 12 15 15 12 12 19 11 11 19 15 13 10 14 12 13 8
16 19 14 20 18 14 19 21 18 14 13 14 22 12 17 19 16 16 21 21 14 16 19 23 14 18 18 16 16 21 13 16 18 20 14 23 16 23 15 16 15 16 15 18 19 18 14 17 11 20 18 16 15 20 14 18 20 17 16 14 20 18 17 15
17 12 16 14 14 16 13 15 12 10 10 15 14 12 8 12 14 15 14 11 13 12 10 12 11 13 15 11 14 14 9 13 16 16 12 12 13 14 14 12 14 13 10 12 13 12 13 11 11 17 14 9 13 20 10 11 20 11 8 15 12 11 14 7
14 14 12 16 15 13 16 16 14 15 11 12 15 13 16 12 13 13 13 12 12 13 12 17 9 13 11 14 10 16 13 10 12 16 12 9 18 14 8 12 10 15 12 11 14 13 16 8 12 14 16 13 11 13 9 14 17 14 15 12 11 13 13 9
15 17 18 22 17 17 18 22 13 14 15 16 18 18 19 18 14 18 17 15 15 17 14 19 17 18 17 12 18 18 18 13 18 20 13 15 21 24 12 15 15 15 14 17 19 18 14 13 16 19 17 16 14 19 17 14 28 16 14 17 15 15 17 11
18 20 18 25 25 20 19 23 19 21 16 18 18 16 19 17 15 22 19 19 15 18 18 23 12 19 19 15 17 21 18 14 18 20 17 18 21 22 15 16 17 19 17 17 20 18 19 15 16 21 21 19 16 21 14 19 24 16 20 18 15 16 17 13
17 13 14 17 15 10 13 12 14 14 12 14 13 13 13 14 10 11 12 12 11 14 14 12 14 14 12 13 9 19 12 11 12 13 10 12 18 16 10 12 11 13 7 12 10 11 12 6 14 9 12 8 13 12 6 11 17 11 12 11 12 7 13 12
15 18 18 21 20 13 16 19 17 17 16 15 19 18 18 15 12 17 17 16 12 15 18 21 14 18 14 14 13 20 17 11 16 16 11 15 19 19 9 16 15 15 12 15 16 15 17 10 12 12 21 17 11 19 13 15 21 14 15 15 14 11 14 11
20 21 17 21 18 18 19 13 20 19 15 16 23 15 17 22 18 15 16 22 12 16 20 21 14 16 16 15 12 22 17 13 19 22 20 17 17 19 20 16 17 14 16 18 15 15 14 13 16 22 22 17 15 23 15 18 23 19 18 16 16 16 13 15
17 15 18 23 22 15 19 21 19 17 16 17 22 15 15 16 18 21 19 20 14 17 19 23 17 18 17 15 18 20 16 15 16 19 16 19 17 23 19 19 21 15 16 22 15 16 18 17 18 23 18 16 19 23 12 18 27 17 17 17 18 14 19 11
11 15 16 18 21 15 12 17 17 18 11 17 21 13 14 15 10 15 19 18 12 15 18 19 10 13 16 15 13 19 16 12 15 19 14 18 12 23 12 12 13 11 14 17 14 18 10 13 14 18 15 16 12 17 10 16 18 16 13 15 11 15 12 11
14 13 15 15 16 17 14 20 15 16 15 15 16 14 15 12 10 15 16 14 15 18 12 19 12 20 15 17 12 17 10 13 14 18 11 18 15 22 12 13 13 18 12 13 14 14 11 10 16 17 13 11 13 15 8 19 18 15 12 16 10 14 14 13
16 15 16 17 24 15 17 21 20 18 15 12 16 16 14 14 16 19 19 14 18 18 17 20 12 19 18 16 17 18 17 15 13 17 12 19 18 19 19 15 14 18 16 19 17 19 16 17 11 23 16 19 16 18 12 15 22 18 15 19 17 17 15 13
16 19 17 19 24 13 19 22 23 18 18 16 19 16 19 18 12 19 17 19 14 18 23 21 15 18 20 18 15 22 19 15 16 21 14 15 19 24 14 14 14 17 17 16 13 20 16 13 15 20 18 17 16 22 13 18 23 16 16 15 14 15 17 15
16 17 15 18 16 16 19 18 20 19 15 13 21 12 18 17 16 14 14 14 16 20 17 19 19 14 14 14 13 21 17 16 15 17 16 16 19 19 16 15 13 14 12 18 19 16 12 11 12 19 17 15 17 19 13 13 20 17 18 13 17 17 15 13
10 11 13 11 13 12 13 20 19 13 14 12 13 11 15 12 10 14 14 14 14 16 12 13 15 17 15 14 13 11 13 7 11 14 9 14 14 16 10 14 15 13 12 11 13 13 11 10 11 11 14 13 11 14 7 11 16 13 12 12 12 10 14 10
14 16 14 18 15 10 19 16 14 11 10 14 20 9 15 16 19 15 12 17 14 13 15 17 14 13 15 11 14 19 12 14 16 13 13 12 16 18 12 13 16 11 13 16 16 16 16 10 12 15 15 16 16 16 13 13 21 12 13 11 13 11 17 9
13 17 15 19 20 14 19 21 16 15 14 16 22 15 20 14 17 13 21 20 12 10 17 22 14 17 15 15 15 19 13 16 14 18 15 19 17 20 15 16 17 13 16 20 17 20 17 17 16 20 18 18 18 18 12 14 18 15 18 18 14 16 19 17
16 16 14 16 18 16 19 16 20 19 15 14 17 13 15 14 15 14 13 16 13 19 18 20 13 16 13 14 10 20 16 13 13 16 17 13 16 18 16 11 16 14 14 15 15 14 11 11 13 18 17 16 16 20 10 15 17 14 16 13 17 15 17 13
16 13 16 17 16 15 17 18 12 14 14 13 15 17 16 14 12 15 17 12 14 13 11 17 13 17 15 12 11 14 12 14 15 16 11 15 17 16 11 13 12 16 11 15 13 15 16 10 15 14 15 14 13 14 12 12 21 14 13 15 11 10 12 11
17 17 15 16 15 17 16 18 19 12 18 18 20 17 18 19 14 14 14 20 12 17 18 15 16 16 12 17 11 19 16 9 19 18 12 17 15 19 15 13 13 17 13 13 14 16 12 12 15 15 18 13 14 19 13 15 17 19 17 13 14 16 16 17
17 14 20 17 18 18 16 20 19 17 18 13 21 15 14 16 14 15 18 15 17 17 18 16 15 19 16 17 16 18 15 15 14 15 11 17 15 21 14 15 15 19 16 19 16 19 15 13 17 20 16 15 17 19 10 14 17 17 18 17 11 14 15 16
13 14 14 19 20 13 15 20 17 15 14 12 21 13 12 18 13 14 17 18 16 15 17 20 17 16 20 18 13 17 14 13 10 18 14 18 14 22 14 12 16 14 17 17 17 18 15 12 14 17 16 16 19 18 8 15 17 17 18 13 13 17 16 15
16 19 18 22 19 16 16 19 20 14 16 17 20 14 17 18 14 19 17 19 13 13 20 18 18 13 15 16 14 19 15 15 15 18 17 16 17 20 16 19 14 15 17 18 16 17 16 15 18 20 18 16 19 23 12 15 22 18 14 14 15 16 15 12
15 18 20 19 18 18 21 19 18 16 15 17 21 13 18 18 19 16 14 18 16 19 18 21 18 17 15 15 15 19 13 13 19 17 12 12 20 22 14 19 18 15 15 18 15 19 15 16 16 18 21 15 17 20 13 15 26 19 15 14 19 15 22 10
18 23 22 21 23 22 20 24 20 20 18 19 22 15 20 20 18 19 19 20 17 18 21 21 16 21 20 19 17 22 17 15 20 24 17 20 19 26 16 16 21 18 20 18 19 20 13 15 17 20 22 19 17 25 16 21 23 17 17 19 18 16 19 16
12 11 12 15 15 15 14 23 16 13 11 17 18 13 15 14 13 11 16 18 9 12 14 19 14 16 17 15 14 16 12 10 13 12 10 15 11 19 10 13 14 15 11 14 13 18 13 12 13 17 16 15 15 15 9 16 17 14 16 12 11 15 13 13
20 21 23 25 24 24 23 23 22 21 19 21 24 20 26 21 17 25 18 23 16 21 20 26 20 22 23 15 16 25 22 19 23 22 16 24 23 27 21 21 23 22 20 22 19 22 18 16 22 27 24 22 17 27 17 19 30 21 20 24 17 17 21 17
16 14 13 17 16 12 13 17 18 12 15 14 18 10 15 15 19 14 15 16 13 10 14 15 18 14 15 14 16 15 13 15 17 15 15 14 17 20 13 18 16 14 16 16 16 11 13 11 12 15 15 13 15 15 9 13 22 14 13 10 15 13 13 9
13 14 11 9 14 9 10 12 16 13 10 13 16 7 12 14 12 15 9 13 14 10 13 10 13 9 11 14 9 13 12 10 12 16 12 9 12 16 11 12 10 10 11 13 7 12 9 8 13 14 15 9 16 15 6 11 16 15 10 11 11 6 10 9
17 19 17 21 19 15 17 18 17 15 19 15 17 15 19 18 16 18 17 19 15 15 19 22 15 18 16 14 13 19 16 14 15 16 13 19 22 21 13 14 18 20 16 18 14 18 16 12 14 16 15 19 15 17 10 18 20 19 16 15 15 12 14 17
20 17 17 20 17 17 19 16 19 17 15 18 21 14 20 17 16 16 17 18 13 18 18 18 15 15 12 15 12 22 16 11 16 17 16 17 20 17 16 18 16 12 11 18 15 13 16 11 17 17 20 16 15 20 11 15 22 17 15 16 14 13 16 12
17 21 16 18 22 16 22 21 21 20 13 17 23 16 21 17 17 18 19 20 17 20 20 28 18 20 17 17 11 20 18 12 14 20 16 17 18 22 18 16 17 14 17 17 18 19 14 17 16 23 21 19 17 23 9 19 21 17 17 18 18 19 18 15
18 17 19 23 16 12 17 19 14 15 13 14 20 15 15 16 17 17 16 16 17 13 14 18 19 18 18 14 14 22 17 16 17 17 15 17 23 23 9 14 19 17 13 19 17 17 18 10 16 16 15 15 20 18 11 13 23 14 12 16 15 11 19 14
10 13 11 10 13 14 13 16 17 13 10 15 13 8 15 14 9 11 10 16 9 13 14 14 13 8 12 13 7 15 10 12 15 14 14 14 10 16 13 11 12 13 14 11 12 12 6 11 11 15 11 12 11 16 11 13 15 14 7 8 16 14 10 9
13 16 13 19 18 16 17 16 20 18 17 11 21 13 15 18 14 16 21 17 15 15 18 19 15 18 19 14 12 17 18 13 12 18 13 18 12 18 14 11 16 13 16 16 12 17 14 14 13 21 18 17 13 19 12 17 17 17 17 16 14 14 14 15
16 19 15 21 18 21 16 16 19 16 21 16 19 14 21 19 14 19 21 15 17 17 19 19 16 17 18 15 14 19 19 15 19 23 17 17 22 24 14 16 16 19 18 16 14 17 14 12 15 21 18 16 16 21 13 17 23 20 14 15 17 16 16 15
22 20 21 27 25 22 24 24 22 21 19 20 25 19 23 20 22 24 21 22 18 24 24 28 18 22 22 18 22 26 22 15 20 24 19 20 23 27 22 21 25 21 20 24 20 20 19 21 19 25 21 23 19 24 18 26 32 22 20 20 21 21 25 16
15 15 16 18 15 14 16 22 17 14 19 15 21 18 17 17 14 17 14 19 13 17 14 19 17 20 16 17 15 17 15 11 16 18 13 18 17 22 11 17 15 14 16 16 15 14 14 11 17 17 18 15 13 19 11 15 23 18 15 16 14 14 16 10
17 17 17 16 18 13 19 21 19 16 15 15 22 16 17 20 13 15 16 20 14 18 16 20 17 17 15 14 14 19 17 15 17 17 15 17 19 23 13 16 17 14 14 16 18 18 15 13 19 18 21 18 14 21 12 12 21 19 18 17 14 13 17 14
13 14 17 19 15 17 13 16 18 13 13 15 19 15 13 13 12 12 17 16 13 16 14 18 14 17 18 11 12 14 11 11 15 17 12 15 14 20 11 16 14 15 11 11 16 11 11 13 15 17 12 13 13 16 8 16 20 14 14 15 15 12 15 11
16 21 16 23 17 19 16 17 19 17 10 20 24 13 18 21 19 15 16 23 13 19 18 21 13 15 21 18 13 24 14 13 19 19 17 15 20 21 16 15 18 16 14 16 17 14 14 11 21 21 17 18 18 21 12 21 23 15 17 12 19 13 17 13
17 17 14 18 21 13 18 19 16 16 12 14 22 16 16 17 17 18 12 15 14 19 16 21 15 16 15 16 16 16 17 12 12 16 15 13 20 18 18 17 17 14 14 16 15 18 16 14 16 19 20 19 19 21 13 15 23 19 19 16 16 12 16 12
12 11 13 13 14 11 15 19 14 9 13 12 15 12 12 12 12 13 10 11 10 13 12 12 14 14 9 15 14 12 13 9 14 16 10 12 12 15 9 11 10 9 10 11 15 9 12 13 12 15 11 14 12 16 12 10 19 12 10 13 12 11 14 5
17 15 13 18 18 19 19 19 19 12 15 17 21 12 19 17 17 16 17 17 11 15 18 18 15 16 14 12 15 17 18 14 17 19 17 12 17 19 16 16 16 16 11 17 16 14 12 12 12 18 19 18 16 20 12 14 21 16 15 13 16 13 17 12
16 19 16 17 22 16 18 18 17 16 14 16 23 18 14 18 17 18 15 16 14 19 20 20 18 20 17 15 9 17 17 12 16 17 13 16 17 21 17 15 17 18 14 14 16 18 15 11 17 19 18 15 18 20 10 14 22 18 17 20 14 14 16 14
12 20 17 22 18 16 17 21 22 15 15 19 21 13 17 23 17 16 17 21 13 17 21 20 19 20 19 15 16 21 15 15 18 19 15 14 17 25 14 15 21 16 15 13 17 20 10 13 16 18 18 14 17 18 11 18 22 15 15 16 15 16 17 16
14 13 17 20 19 15 19 18 17 12 13 13 19 13 16 14 10 15 15 15 10 14 18 17 11 14 13 13 14 18 14 13 14 16 10 16 16 21 13 17 11 17 12 17 16 18 14 12 15 18 19 15 13 18 12 11 19 18 18 14 10 14 17 13
16 19 15 18 18 15 14 19 18 15 13 18 18 14 17 15 11 19 17 19 13 15 14 18 15 15 18 13 13 20 14 13 16 18 18 13 17 17 12 13 17 15 14 14 16 17 14 10 14 19 17 17 15 22 10 16 20 15 13 15 16 13 14 15
15 19 12 17 20 13 18 16 22 14 15 16 23 15 17 20 19 13 15 22 14 17 19 21 15 14 16 13 10 15 15 10 17 19 16 13 13 23 15 13 15 12 12 12 14 13 13 14 14 17 19 16 15 18 13 17 25 18 18 15 17 12 16 10
16 20 16 21 17 18 19 19 15 13 13 17 24 16 18 20 18 16 19 19 14 15 18 21 19 16 17 15 14 19 15 15 20 16 19 17 18 22 17 18 20 17 16 17 21 16 11 10 15 14 17 13 18 20 14 16 21 15 11 15 19 15 16 15
15 15 15 20 16 17 17 22 19 15 18 16 20 10 18 18 16 18 16 17 13 17 15 19 18 18 21 18 18 21 15 15 18 17 12 19 15 21 15 19 18 20 16 17 14 17 14 14 16 18 17 13 17 17 11 19 22 16 15 12 15 18 20 13
18 14 16 14 21 15 20 23 17 14 11 15 20 12 16 17 14 18 15 18 15 16 16 20 16 18 15 17 15 17 15 13 16 19 11 19 15 24 15 18 16 17 13 17 16 20 17 16 18 20 20 15 17 20 9 14 20 20 17 21 13 15 18 14
12 12 12 13 15 15 11 15 14 11 9 12 15 12 11 11 12 9 13 16 13 12 14 15 9 11 14 10 8 15 11 11 11 14 14 13 11 19 12 6 14 13 10 12 12 14 8 11 12 17 9 14 14 14 9 15 14 13 10 13 12 12 12 12
17 16 16 21 14 16 16 19 19 18 16 11 17 15 17 18 15 20 17 16 20 19 13 20 16 16 17 13 15 19 15 15 17 16 16 16 20 21 17 15 16 21 17 18 20 17 14 12 15 19 17 17 18 18 14 15 22 19 16 16 15 13 18 16
13 10 14 15 17 12 15 18 18 13 12 10 16 11 13 10 15 14 12 14 12 15 13 15 14 14 15 11 14 15 13 13 12 14 12 15 17 18 13 14 15 12 9 13 12 15 12 12 12 16 17 13 16 15 9 10 20 15 13 15 12 10 18 10
16 16 14 20 20 16 13 19 20 18 14 16 18 20 16 15 15 17 20 21 15 18 19 23 11 20 16 12 11 17 15 14 14 18 13 19 19 25 16 11 15 17 13 16 19 14 12 15 14 20 16 20 15 19 11 18 22 14 19 17 15 14 17 13
13 10 8 13 11 10 9 11 9 12 10 11 11 15 9 11 8 13 14 11 11 13 10 13 9 16 10 9 9 10 10 8 10 12 12 11 12 11 12 7 12 7 10 9 12 10 8 6 9 9 11 7 9 12 7 12 13 7 10 9 9 12 8 8
15 14 17 20 21 14 17 21 16 14 12 12 17 13 13 17 13 14 15 14 13 14 13 20 13 17 14 14 13 17 14 13 14 15 13 18 16 24 13 16 13 13 12 16 18 16 18 14 20 19 16 18 16 16 12 10 21 16 17 21 12 10 16 12
18 18 19 20 23 15 22 25 24 19 19 12 21 18 18 21 17 17 20 20 19 17 21 24 21 22 20 18 18 24 20 17 14 18 17 20 20 27 18 16 20 20 17 22 19 23 18 15 14 21 21 19 20 22 15 17 24 20 18 19 19 18 19 20
