1179 1258 1233 925 1272 1435 1203 1174 1177 1057 1056 1292 1132 1043 1218 1349 1252 1365 1020 1373 1168 1291 1152 1316 1315 1167 1246 1180 1259 1158 1332 1090 1241 1323 1126 1177 1355 1240 1016 1275 1224 1122 1270 1422 1317 1270 1316 1351 1115 1425 1075 1297 1454 1183 1351 1344 1373 1177 1088 1134 1361 1100 1179 1411
1260 1300 1425 1067 1427 1650 1383 1259 1354 1378 1112 1496 1378 1413 1467 1426 1477 1460 1263 1494 1221 1639 1444 1374 1607 1410 1506 1340 1525 1392 1491 1435 1453 1499 1426 1409 1606 1429 1355 1405 1674 1450 1355 1575 1532 1542 1683 1589 1424 1743 1477 1502 1636 1417 1629 1499 1615 1518 1392 1454 1556 1356 1284 1688
1240 1499 1408 1162 1542 1652 1473 1404 1304 1359 1145 1416 1312 1356 1412 1453 1405 1482 1183 1480 1297 1398 1488 1434 1475 1330 1466 1322 1459 1293 1412 1410 1362 1573 1346 1445 1545 1361 1412 1452 1616 1346 1467 1556 1462 1533 1563 1548 1290 1672 1244 1441 1618 1369 1543 1628 1570 1527 1304 1308 1579 1078 1282 1647
1121 1412 1365 1158 1436 1538 1452 1318 1282 1220 1111 1301 1138 1317 1444 1383 1314 1530 1117 1358 1407 1361 1417 1406 1498 1452 1471 1226 1518 1363 1351 1345 1323 1616 1258 1368 1566 1429 1066 1302 1394 1221 1384 1591 1481 1401 1507 1503 1233 1534 1295 1444 1601 1361 1377 1564 1380 1435 1235 1262 1461 1224 1362 1462
1225 1235 1153 978 1233 1415 1084 1087 1083 1126 994 1127 1228 1138 1135 1240 1327 1270 1091 1265 1051 1257 1063 1293 1307 1253 1154 1171 1130 1134 1233 1098 1241 1275 1185 1227 1350 1296 1070 1292 1326 1195 1174 1323 1209 1361 1186 1219 1071 1478 1163 1316 1379 1098 1352 1243 1305 1297 1127 1232 1502 1145 1125 1371
1147 1355 1307 1014 1370 1481 1346 1226 1142 1182 1046 1211 1330 1319 1271 1293 1321 1366 1104 1411 1333 1402 1364 1402 1476 1299 1288 1211 1378 1185 1176 1312 1287 1431 1158 1324 1583 1262 1155 1257 1374 1195 1186 1445 1389 1323 1511 1463 1191 1530 1245 1378 1591 1316 1392 1491 1431 1495 1261 1198 1504 1261 1244 1607
1141 1151 1182 1002 1294 1515 1268 1202 1261 1247 1179 1310 1170 1168 1196 1181 1354 1475 1206 1282 1142 1265 1329 1347 1338 1364 1326 1191 1359 1366 1355 1253 1358 1279 1178 1354 1530 1335 1133 1285 1481 1169 1118 1467 1427 1422 1529 1466 1256 1403 1386 1284 1593 1154 1365 1320 1390 1353 1295 1284 1417 1200 1193 1465
1112 1271 1268 1072 1332 1494 1437 1071 1162 1262 1065 1292 1192 1334 1244 1297 1194 1393 1200 1221 1249 1322 1309 1313 1368 1403 1279 1229 1343 1150 1301 1230 1172 1375 1197 1416 1464 1320 1256 1333 1511 1092 1245 1340 1419 1402 1472 1454 1108 1512 1111 1214 1454 1330 1518 1482 1372 1489 1217 1247 1469 1176 1175 1561
1405 1427 1358 1158 1354 1474 1467 1093 1216 1293 1127 1340 1247 1269 1284 1489 1406 1485 1189 1362 1219 1384 1290 1461 1416 1463 1251 1260 1332 1249 1362 1375 1372 1393 1268 1401 1426 1499 1275 1481 1500 1265 1213 1482 1360 1552 1442 1432 1305 1564 1142 1475 1642 1238 1466 1531 1517 1567 1433 1330 1661 1149 1343 1646
1109 1236 1100 907 1080 1411 1127 1091 1095 1004 992 1126 1091 1013 1020 1184 1221 1247 1200 1096 1044 1250 1183 1121 1202 1296 1168 1234 1181 1066 1200 1160 1152 1172 1072 1226 1345 1252 1115 1250 1324 1081 1060 1255 1232 1262 1281 1397 1087 1423 1163 1271 1456 1169 1239 1285 1236 1252 1083 1119 1343 1154 1159 1363
1052 1283 1353 982 1295 1497 1363 1201 1150 1241 1132 1250 1306 1287 1321 1289 1406 1340 1125 1252 1270 1350 1320 1426 1355 1424 1317 1128 1389 1335 1285 1225 1186 1383 1246 1276 1492 1377 1125 1224 1448 1305 1361 1428 1389 1340 1499 1354 1290 1481 1230 1306 1474 1232 1517 1349 1350 1360 1186 1288 1504 1243 1170 1468
1461 1570 1529 1109 1436 1476 1435 1242 1289 1285 1242 1338 1231 1231 1317 1555 1501 1604 1318 1556 1338 1340 1478 1570 1435 1382 1274 1352 1479 1456 1343 1351 1419 1577 1480 1507 1583 1479 1300 1467 1470 1314 1349 1503 1529 1452 1555 1442 1254 1652 1370 1661 1729 1344 1650 1574 1500 1595 1190 1409 1733 1287 1245 1697
1188 1320 1422 934 1372 1487 1384 1176 1250 1208 1097 1249 1209 1221 1206 1413 1252 1314 1150 1329 1237 1291 1274 1305 1391 1307 1285 1187 1379 1283 1307 1209 1163 1289 1251 1377 1499 1324 1266 1264 1341 1238 1164 1448 1358 1447 1453 1378 1181 1492 1222 1320 1583 1221 1471 1471 1415 1294 1347 1142 1404 1134 1212 1499
1175 1359 1340 1084 1370 1437 1425 1109 1315 1214 1052 1354 1286 1197 1253 1398 1146 1437 1185 1357 1273 1367 1399 1427 1496 1378 1240 1265 1337 1211 1387 1313 1308 1440 1244 1445 1443 1396 1206 1385 1463 1272 1279 1345 1294 1468 1403 1323 1240 1531 1180 1368 1496 1368 1456 1442 1348 1404 1230 1202 1576 1152 1251 1489
1248 1219 1261 932 1372 1359 1512 1182 1230 1226 1147 1330 1317 1216 1314 1305 1234 1346 1209 1333 1177 1323 1296 1281 1366 1413 1385 1225 1387 1251 1296 1305 1304 1397 1184 1386 1492 1238 1310 1408 1423 1317 1290 1311 1297 1453 1454 1440 1217 1518 1198 1209 1542 1295 1458 1419 1488 1460 1196 1216 1583 1184 1155 1635
1256 1442 1388 1019 1375 1597 1475 1298 1378 1314 1261 1518 1500 1235 1355 1547 1330 1506 1310 1474 1375 1367 1554 1542 1646 1438 1387 1457 1503 1301 1509 1372 1500 1455 1351 1328 1706 1433 1391 1522 1571 1377 1277 1517 1548 1456 1505 1606 1458 1645 1374 1509 1672 1394 1633 1599 1573 1597 1339 1411 1652 1387 1396 1674
1197 1259 1210 1056 1283 1548 1373 1195 1437 1143 1079 1357 1310 1361 1274 1316 1283 1460 1128 1292 1215 1467 1465 1380 1519 1435 1287 1326 1247 1358 1313 1443 1405 1322 1173 1397 1508 1390 1335 1358 1532 1208 1159 1420 1418 1481 1515 1454 1443 1613 1240 1383 1577 1251 1460 1482 1419 1529 1306 1319 1607 1332 1329 1640
1305 1323 1322 1245 1498 1636 1508 1340 1201 1303 1184 1419 1328 1366 1413 1410 1371 1505 1341 1445 1402 1387 1528 1561 1473 1561 1420 1366 1432 1438 1418 1474 1450 1502 1217 1478 1625 1358 1348 1507 1594 1379 1356 1532 1490 1485 1674 1431 1421 1550 1243 1333 1650 1432 1536 1587 1509 1631 1325 1409 1741 1185 1350 1655
1128 1252 1182 1130 1326 1400 1361 1155 1171 1327 1137 1286 1123 1197 1213 1302 1273 1489 1080 1379 1245 1274 1309 1423 1341 1334 1239 1231 1312 1332 1304 1160 1349 1404 1138 1293 1425 1276 1175 1286 1365 1228 1251 1431 1447 1347 1385 1373 1287 1329 1090 1221 1447 1130 1529 1375 1365 1362 1134 1346 1451 1149 1129 1487
1186 1169 1219 916 1195 1324 1358 1107 1113 961 997 1312 1120 1226 1222 1143 1193 1250 1111 1322 1095 1326 1287 1290 1329 1292 1286 1151 1311 1242 1191 1221 1124 1291 1109 1256 1338 1291 1180 1261 1250 1165 1180 1184 1281 1305 1413 1412 1152 1467 1040 1323 1402 1196 1268 1388 1311 1367 1064 1078 1402 1128 1125 1488
1354 1359 1272 1201 1416 1596 1312 1290 1240 1210 1159 1268 1176 1289 1496 1412 1378 1631 1253 1337 1187 1367 1280 1317 1378 1418 1333 1309 1302 1275 1383 1261 1414 1491 1303 1471 1441 1453 1270 1424 1531 1298 1242 1525 1322 1424 1649 1406 1166 1481 1353 1461 1503 1413 1417 1462 1484 1506 1147 1477 1623 1266 1174 1572
1159 1325 1317 1024 1327 1430 1501 1199 1338 1307 1095 1385 1409 1297 1318 1447 1358 1361 1155 1400 1190 1515 1373 1410 1514 1441 1320 1311 1435 1180 1384 1307 1373 1455 1307 1235 1444 1373 1371 1370 1679 1371 1290 1437 1373 1434 1529 1549 1329 1497 1309 1432 1589 1291 1584 1527 1521 1518 1230 1383 1639 1238 1180 1742
1043 1121 1164 815 1200 1397 1097 1130 1094 1142 1019 1166 1246 1087 1160 1098 1199 1086 1024 1260 1064 1199 1196 1074 1272 1138 1183 1144 1124 1095 1310 1142 1221 1272 1068 1068 1423 1229 1183 1219 1322 1108 1123 1389 1096 1342 1327 1269 1165 1396 1309 1283 1445 1161 1311 1170 1419 1353 1162 1087 1366 1084 1137 1421
1232 1608 1463 1123 1356 1618 1607 1236 1292 1399 1212 1549 1484 1328 1232 1552 1445 1536 1310 1427 1289 1508 1489 1550 1619 1479 1478 1487 1517 1285 1502 1393 1410 1529 1474 1354 1575 1433 1390 1551 1581 1307 1416 1572 1562 1566 1463 1638 1441 1762 1369 1607 1743 1373 1642 1572 1526 1574 1277 1389 1608 1315 1321 1764
1332 1495 1279 1128 1475 1578 1404 1301 1189 1358 1223 1491 1360 1314 1304 1402 1416 1508 1341 1387 1306 1442 1581 1527 1397 1515 1440 1359 1506 1359 1469 1486 1247 1451 1298 1443 1597 1581 1412 1541 1587 1284 1445 1603 1497 1427 1609 1575 1245 1659 1320 1602 1617 1433 1582 1482 1628 1728 1216 1413 1659 1347 1245 1570
1189 1253 1219 968 1378 1472 1360 1118 1352 1244 1069 1369 1312 1351 1314 1183 1312 1404 1137 1460 1227 1439 1375 1310 1412 1261 1230 1164 1240 1386 1348 1267 1304 1502 1241 1390 1542 1346 1328 1269 1497 1235 1312 1260 1445 1492 1491 1416 1294 1481 1239 1371 1529 1257 1376 1495 1493 1453 1239 1356 1503 1277 1220 1687
1357 1356 1348 998 1427 1426 1246 1254 1214 1185 1088 1221 1271 1243 1244 1323 1196 1474 1207 1355 1233 1260 1356 1359 1415 1450 1289 1250 1306 1183 1274 1222 1286 1501 1207 1386 1456 1403 1221 1437 1378 1187 1211 1463 1309 1418 1414 1353 1119 1501 1224 1326 1549 1442 1493 1466 1351 1504 1144 1278 1589 1237 1283 1531
1094 1279 1150 1133 1257 1347 1395 1194 1273 1162 1210 1264 1198 1162 1241 1314 1161 1398 1191 1340 1235 1090 1223 1336 1278 1324 1265 1365 1341 1248 1245 1181 1320 1383 1165 1290 1377 1217 1234 1232 1401 1277 1134 1319 1425 1300 1472 1509 1289 1342 1021 1123 1495 1181 1470 1449 1385 1336 1169 1252 1497 1058 1194 1545
1188 1280 1247 1008 1303 1329 1274 1187 1204 1094 1114 1231 1317 1297 1290 1302 1344 1209 1213 1293 1162 1353 1359 1272 1437 1372 1332 1183 1382 1213 1323 1224 1310 1399 1231 1194 1390 1382 1225 1353 1441 1313 1297 1426 1321 1194 1455 1368 1243 1511 1211 1372 1357 1249 1542 1366 1510 1356 1165 1320 1575 1144 1163 1463
1249 1293 1103 985 1232 1378 1158 1100 1148 1130 842 1209 1099 1167 1189 1289 1372 1471 1048 1317 1022 1343 1322 1264 1395 1264 1166 1082 1209 1133 1181 1224 1304 1373 1169 1245 1376 1324 1163 1318 1176 1158 1250 1316 1295 1304 1218 1164 1162 1378 1047 1345 1377 1149 1272 1441 1276 1349 1089 1175 1472 1192 1154 1403
1137 1225 1232 914 1230 1404 1291 1146 1054 1181 980 1276 1271 1203 1183 1231 1201 1247 1069 1311 1208 1369 1272 1310 1426 1231 1238 1070 1312 1119 1260 1286 1228 1386 1176 1097 1422 1183 1181 1250 1392 1257 1169 1305 1292 1277 1350 1385 1194 1430 1184 1291 1509 1233 1290 1477 1314 1419 1203 1167 1352 1232 1296 1498
1036 1026 938 880 1164 1144 1140 891 1047 995 827 1122 1006 932 1032 1095 1093 1081 954 1054 948 1046 1120 1072 1008 1159 1070 1085 1049 945 1130 975 1015 1074 1037 974 1276 1109 1061 1198 1223 1069 991 1094 1080 1116 1204 1210 942 1146 1113 1120 1203 1042 1084 1080 1232 1128 923 1034 1345 946 989 1286
1420 1387 1382 1097 1594 1667 1553 1341 1370 1295 1295 1360 1458 1454 1327 1380 1537 1563 1530 1428 1501 1518 1696 1616 1433 1634 1466 1432 1597 1513 1528 1493 1492 1426 1322 1560 1762 1440 1474 1525 1716 1433 1243 1580 1503 1616 1673 1686 1450 1661 1453 1409 1789 1373 1754 1618 1586 1588 1412 1466 1755 1380 1394 1694
1196 1373 1442 1105 1263 1442 1459 1064 1269 1224 982 1228 1235 1283 1311 1457 1295 1357 1135 1247 1241 1482 1334 1383 1497 1331 1282 1181 1381 1307 1312 1297 1387 1399 1297 1365 1439 1231 1202 1292 1457 1304 1248 1346 1380 1456 1379 1453 1186 1589 1072 1332 1482 1259 1492 1533 1288 1306 1329 1201 1495 1038 1173 1565
1453 1624 1592 1192 1523 1780 1505 1392 1514 1419 1461 1485 1367 1337 1493 1692 1546 1770 1312 1478 1546 1478 1613 1564 1593 1423 1464 1444 1590 1443 1603 1508 1557 1569 1444 1628 1692 1478 1265 1581 1662 1381 1428 1665 1620 1654 1811 1655 1411 1826 1397 1604 1764 1438 1847 1702 1557 1596 1468 1330 1837 1411 1388 1817
1070 1085 1084 758 1143 1272 1124 1066 1059 1102 842 1123 1102 1051 1187 1123 1115 1105 1022 1248 1027 1207 1060 1125 1198 1055 1107 1059 1171 1002 1193 1025 1064 1256 1048 1079 1308 1032 1047 1176 1171 1128 1163 1130 1100 1232 1156 1133 1007 1452 1083 1173 1259 1132 1246 1272 1238 1195 1020 1027 1323 918 983 1315
1110 1112 1095 866 1106 1194 1252 998 1180 989 1021 1213 1094 1058 1052 1181 1133 1201 1044 1109 1023 1156 1046 1223 1161 1310 1101 1100 1225 1085 1117 1063 1089 1133 1029 1192 1198 1271 1024 1159 1229 1033 1087 1237 1133 1186 1234 1283 1101 1368 1004 1119 1415 1055 1347 1260 1221 1219 1109 1147 1368 1101 1089 1389
1142 1217 1215 979 1212 1286 1296 1035 1173 1185 926 1247 1161 1286 1219 1174 1260 1171 1100 1373 1075 1487 1329 1227 1353 1229 1273 1016 1429 1174 1255 1221 1248 1376 1178 1231 1381 1236 1181 1312 1337 1253 1308 1243 1297 1338 1345 1342 1169 1434 1156 1283 1430 1242 1285 1376 1306 1290 1166 1128 1441 1110 1121 1483
1190 1225 1128 947 1205 1186 1165 1073 980 1110 1072 1142 1170 1107 1155 1156 1184 1137 1216 1231 1050 1230 1094 1046 1297 1265 1144 1197 1140 1058 1112 1008 1144 1267 1106 1085 1341 1275 1104 1266 1266 1171 1030 1333 1065 1149 1263 1405 1145 1353 1130 1139 1406 1055 1389 1231 1411 1257 1109 1231 1242 1062 1129 1469
1203 1355 1325 1045 1289 1388 1427 1240 1153 1318 1058 1389 1213 1324 1231 1399 1464 1475 1047 1407 1235 1459 1412 1377 1574 1357 1440 1172 1435 1333 1326 1370 1400 1485 1258 1157 1477 1320 1176 1324 1472 1351 1232 1416 1378 1371 1511 1404 1298 1524 1168 1587 1502 1162 1414 1565 1361 1440 1232 1282 1490 1221 1139 1697
1107 1193 1086 944 1206 1378 1240 1169 1131 1035 1092 1185 1129 1042 1137 1206 1177 1413 1185 1122 1247 1198 1315 1297 1283 1241 1180 1292 1201 1256 1192 1224 1262 1241 1094 1240 1414 1102 1163 1407 1356 1095 1037 1277 1226 1262 1361 1430 1222 1439 1157 1206 1483 1141 1319 1306 1336 1357 977 1163 1409 1164 1179 1315
1387 1508 1332 1105 1482 1601 1551 1324 1335 1245 1246 1467 1380 1337 1307 1428 1417 1503 1362 1404 1414 1411 1510 1480 1418 1520 1470 1355 1514 1396 1486 1461 1365 1491 1433 1427 1614 1453 1447 1435 1575 1300 1429 1631 1521 1474 1578 1645 1375 1704 1367 1506 1840 1366 1596 1594 1584 1576 1249 1382 1709 1359 1425 1691
1208 1202 1075 930 1174 1189 1203 1078 1141 1046 1018 1079 1027 1036 1061 1156 1125 1262 1047 1152 1037 1196 1206 1199 1194 1212 1136 1075 1226 1198 1134 1103 1139 1234 1081 1180 1238 1095 1073 1240 1225 1050 1058 1252 1226 1230 1288 1336 1029 1391 1090 1204 1468 1093 1108 1220 1261 1272 963 1147 1316 1182 1104 1327
1161 1247 1224 988 1187 1277 1236 1180 1194 1140 1074 1211 1208 1193 1184 1255 1266 1273 1042 1283 1094 1341 1256 1268 1416 1288 1285 1096 1233 1206 1103 1245 1257 1494 1196 1156 1373 1208 1196 1391 1353 1198 1239 1399 1230 1306 1244 1315 1252 1578 1161 1320 1482 1266 1283 1340 1353 1413 1133 1297 1421 1134 1136 1444
1108 1352 1161 929 1281 1361 1348 913 1279 1250 908 1215 1303 1172 1132 1239 1190 1382 1095 1261 1173 1373 1396 1251 1349 1195 1188 1086 1195 1187 1230 1163 1156 1274 1109 1296 1464 1291 1192 1278 1430 1204 1122 1308 1272 1431 1289 1319 1124 1396 1167 1267 1523 1106 1432 1298 1408 1292 1196 1200 1499 1116 1035 1445
1183 1294 1345 1048 1270 1481 1454 1006 1360 1074 1012 1261 1218 1280 1380 1314 1209 1343 1157 1200 1169 1408 1306 1319 1384 1298 1294 1208 1274 1267 1341 1333 1379 1307 1259 1397 1391 1308 1298 1267 1474 1243 1260 1309 1302 1514 1409 1425 1291 1605 1128 1401 1480 1307 1449 1446 1380 1287 1262 1180 1507 1251 1211 1502
1388 1505 1261 1065 1445 1559 1405 1169 1154 1092 1131 1277 1273 1331 1430 1360 1282 1365 1191 1387 1359 1424 1451 1306 1473 1448 1309 1309 1285 1205 1432 1208 1344 1458 1223 1395 1541 1435 1341 1474 1601 1332 1263 1400 1330 1462 1486 1609 1210 1549 1250 1432 1482 1294 1416 1561 1600 1616 1195 1293 1624 1195 1374 1566
1412 1382 1284 1124 1501 1496 1467 1204 1529 1254 1219 1328 1359 1412 1367 1377 1466 1449 1332 1322 1324 1491 1472 1481 1449 1512 1299 1268 1403 1430 1393 1361 1449 1530 1349 1402 1545 1437 1453 1513 1656 1451 1346 1516 1398 1417 1641 1582 1312 1670 1315 1396 1546 1364 1691 1509 1678 1447 1293 1468 1653 1312 1260 1600
1024 1251 1142 895 1110 1272 1185 1047 1092 965 883 1150 1060 1107 1119 1197 1059 1132 1069 1156 1103 1143 1167 1132 1229 1284 1147 1138 1306 1037 1169 1123 1116 1181 1009 1279 1295 1177 1070 1170 1187 1098 1094 1207 1244 1198 1262 1307 1112 1362 942 1196 1375 1080 1261 1443 1174 1309 1112 942 1368 953 1147 1372
1271 1340 1214 1078 1403 1415 1419 1138 1127 1024 1097 1225 1178 1278 1277 1308 1280 1305 1162 1283 1315 1379 1385 1422 1277 1458 1347 1148 1368 1205 1262 1316 1222 1376 1170 1346 1454 1377 1161 1313 1483 1306 1338 1386 1354 1310 1374 1433 1197 1542 1141 1322 1417 1255 1463 1525 1400 1448 1177 1270 1600 1160 1262 1494
1231 1275 1194 1095 1342 1401 1209 1118 1137 1384 1080 1306 1226 1037 1185 1316 1305 1368 1120 1262 1310 1272 1363 1459 1262 1243 1263 1118 1423 1242 1509 1378 1316 1422 1336 1249 1446 1368 1228 1318 1403 1296 1285 1469 1280 1329 1451 1328 1292 1408 1287 1395 1474 1220 1430 1432 1335 1394 1296 1222 1646 1085 1213 1437
1007 1094 1083 875 1134 1238 1230 1051 860 1047 936 1200 1169 1032 1108 1094 1267 1137 1042 1045 1072 1206 1219 1149 1249 1127 1132 1094 1117 1099 1152 1270 1147 1273 1071 1046 1324 1019 1023 1157 1263 1062 1115 1206 1103 1162 1225 1192 1146 1338 1083 1121 1396 1108 1269 1202 1147 1351 1085 1149 1351 1074 1110 1338
1191 1204 1178 1010 1313 1342 1180 1214 1209 1067 1053 1112 1031 1172 1187 1279 1217 1306 1056 1276 1197 1290 1274 1208 1274 1328 1254 1184 1391 1218 1224 1197 1293 1341 1074 1322 1344 1178 1090 1221 1244 1226 1130 1367 1309 1247 1495 1301 1098 1365 1167 1336 1335 1276 1401 1364 1298 1317 1057 1141 1354 1216 1064 1385
1115 1158 1125 967 1177 1234 1256 960 1143 1037 1082 1191 1082 1030 1231 1201 1022 1292 1037 1181 1057 1162 1286 1175 1367 1160 1155 1113 1165 964 1222 1186 1244 1289 1144 1192 1246 1188 1115 1292 1412 1118 1083 1191 1200 1281 1232 1329 1198 1292 1098 1151 1272 1110 1246 1291 1293 1330 1193 1138 1369 995 1148 1324
1141 1335 1234 940 1228 1393 1338 1047 1157 1130 958 1177 1251 1201 1261 1223 1258 1234 1118 1308 1183 1362 1267 1403 1354 1301 1265 1185 1200 1117 1288 1155 1135 1390 1152 1178 1435 1404 1131 1196 1422 1219 1212 1351 1164 1410 1183 1301 1087 1538 1208 1459 1425 1149 1462 1424 1303 1346 1153 1220 1469 1080 1044 1507
1163 1248 1122 941 1123 1227 1158 959 1141 1108 848 1127 1186 1048 1025 1277 1046 1170 1071 1211 1180 1281 1311 1193 1338 1131 1169 1096 1214 1024 1133 1179 1157 1244 1158 1127 1316 1177 1185 1245 1276 1166 1112 1160 1242 1130 1233 1216 1166 1400 1078 1165 1387 1135 1342 1377 1270 1228 1064 1120 1453 1098 1191 1414
1369 1416 1370 1073 1424 1473 1505 1146 1290 1213 1186 1397 1207 1297 1380 1562 1424 1581 1206 1391 1316 1378 1397 1418 1502 1554 1344 1305 1482 1350 1415 1307 1427 1365 1392 1405 1513 1460 1240 1498 1535 1375 1133 1489 1411 1456 1583 1495 1332 1530 1280 1559 1559 1258 1533 1575 1567 1542 1334 1311 1598 1278 1273 1643
1077 1271 1247 1128 1156 1393 1401 1053 1188 1145 1072 1175 1141 1160 1173 1370 1185 1348 964 1291 1299 1253 1197 1389 1399 1388 1287 1126 1313 1184 1167 1102 1220 1382 1266 1185 1292 1318 1085 1155 1491 1143 1073 1499 1218 1373 1349 1425 1220 1419 1105 1312 1525 1203 1455 1443 1295 1344 1149 1225 1376 1083 1149 1439
1253 1314 1350 1029 1452 1515 1442 1212 1273 1220 962 1367 1418 1421 1339 1368 1454 1453 1279 1377 1189 1507 1466 1324 1476 1454 1248 1207 1430 1224 1418 1371 1404 1481 1197 1342 1581 1406 1235 1547 1567 1314 1375 1401 1385 1438 1456 1362 1199 1573 1242 1448 1557 1341 1419 1493 1362 1552 1214 1283 1735 1300 1320 1715
1255 1193 1189 919 1231 1436 1342 1092 1258 1048 1042 1291 1185 1120 1306 1312 1313 1382 1093 1162 1223 1333 1296 1309 1223 1229 1201 1135 1291 1208 1427 1308 1217 1299 1230 1318 1380 1192 1153 1291 1507 1250 1249 1214 1358 1363 1464 1392 1107 1498 1156 1321 1390 1265 1406 1392 1275 1379 1141 1188 1618 1129 1092 1477
1284 1370 1297 981 1342 1530 1433 1249 1273 1315 1171 1369 1353 1359 1300 1361 1349 1515 1228 1386 1222 1507 1339 1332 1399 1423 1300 1102 1456 1202 1320 1271 1245 1426 1335 1411 1544 1331 1281 1358 1512 1261 1284 1456 1468 1390 1559 1496 1213 1619 1301 1386 1638 1522 1470 1578 1431 1515 1269 1412 1582 1424 1291 1638
1441 1503 1453 1245 1437 1536 1479 1325 1363 1212 1269 1435 1307 1372 1333 1486 1397 1519 1289 1526 1331 1470 1528 1436 1587 1518 1489 1425 1526 1399 1408 1412 1496 1699 1255 1510 1455 1472 1273 1541 1676 1443 1404 1531 1483 1543 1639 1621 1287 1625 1299 1515 1604 1447 1550 1585 1611 1627 1327 1422 1666 1206 1336 1660
1153 1393 1312 1037 1422 1536 1581 1202 1201 1141 1134 1387 1276 1360 1356 1280 1273 1414 1263 1302 1187 1455 1450 1371 1529 1481 1402 1320 1350 1377 1337 1322 1375 1391 1317 1355 1485 1354 1357 1375 1540 1155 1305 1468 1513 1365 1568 1537 1291 1502 1258 1452 1610 1327 1382 1514 1492 1473 1186 1367 1607 1224 1318 1701
1250 1427 1342 1111 1529 1685 1434 1310 1272 1379 1158 1449 1232 1333 1371 1363 1406 1547 1284 1426 1350 1448 1409 1588 1413 1610 1340 1282 1409 1484 1471 1454 1386 1454 1238 1490 1665 1479 1354 1511 1509 1400 1354 1566 1504 1532 1660 1413 1391 1584 1198 1432 1704 1448 1547 1629 1536 1541 1371 1377 1599 1302 1468 1514
