15 16 15 15 20 11 17 15 14 14 18 19 16 14 16 17 11 12 14 17 18 19 12 14 16 19 15 17 15 17 17 22 20 18 15 14 12 15 22 12 11 14 18 19 18 19 14 15 14 16 12 20 17 15 17 16 14 15 12 10 13 14 18 14
19 15 19 15 23 19 20 21 19 20 21 16 19 20 16 19 13 16 13 20 22 20 13 18 14 21 13 19 13 16 18 20 19 16 16 20 17 14 19 17 14 18 18 24 20 16 21 18 18 19 15 22 19 19 16 20 11 17 12 12 15 14 18 17
18 14 15 13 19 16 17 17 15 17 19 15 15 18 17 18 11 12 14 18 22 19 15 13 15 18 11 18 13 15 17 19 16 13 14 15 15 10 17 12 12 16 14 21 19 15 16 19 16 15 15 19 16 15 14 17 15 16 11 8 14 15 14 14
15 16 15 13 18 12 15 17 16 15 14 16 14 17 15 11 12 15 19 14 15 17 15 18 11 13 10 10 17 11 15 17 12 16 8 14 15 14 15 14 14 13 15 18 14 9 10 14 16 14 15 18 11 13 11 15 11 16 14 13 10 16 17 14
21 15 17 16 18 14 16 17 14 19 17 16 15 16 14 15 13 14 14 17 19 20 16 15 16 21 12 17 16 13 16 21 14 15 16 14 15 15 19 13 14 15 18 20 17 13 14 17 16 14 13 15 17 15 16 15 9 17 10 8 18 14 15 18
17 21 15 18 22 16 18 17 17 19 20 19 19 17 21 20 14 18 17 19 21 21 17 15 16 18 15 21 18 15 13 22 15 15 19 19 16 18 21 14 17 16 20 22 18 16 16 16 18 20 17 20 18 18 16 19 14 17 14 16 15 17 19 17
15 17 16 12 20 12 16 17 16 13 14 17 15 12 15 16 14 11 16 11 16 20 15 17 13 17 12 12 12 14 15 14 14 16 11 14 12 16 17 10 14 13 15 18 16 16 9 13 14 14 15 22 13 15 11 13 14 16 15 11 10 13 16 12
18 19 14 19 21 16 18 18 14 19 21 18 20 17 19 21 15 17 17 18 24 21 17 18 19 24 18 22 14 17 17 25 17 12 19 15 17 16 23 16 19 20 16 25 20 20 18 18 17 18 19 20 21 18 18 15 16 16 17 14 13 16 23 17
17 18 18 15 22 15 20 17 15 17 16 17 15 18 16 18 12 16 16 16 17 20 17 19 18 21 13 17 16 16 17 21 16 20 16 16 14 18 21 14 17 13 16 20 21 19 13 13 16 17 14 18 17 21 16 18 12 20 13 11 15 17 17 20
19 21 19 17 21 18 19 19 16 14 22 19 19 19 15 20 17 17 16 17 16 23 18 18 20 22 16 18 15 19 17 20 17 20 15 16 18 19 22 13 18 14 19 25 20 14 15 20 18 19 19 22 16 16 18 14 17 16 16 12 13 20 19 20
15 13 13 18 21 15 18 24 17 18 16 17 17 14 16 21 12 16 16 18 19 20 13 18 16 19 15 17 16 14 13 16 16 16 17 14 13 13 20 13 17 14 15 22 17 17 19 20 17 20 19 19 19 17 19 18 12 18 15 14 13 17 16 14
12 15 11 10 15 14 14 14 12 11 15 10 14 13 8 14 12 15 13 12 14 9 10 10 13 17 12 12 15 10 8 15 14 10 13 12 10 10 14 9 13 14 13 15 16 13 10 16 14 15 14 15 15 14 13 10 10 11 15 11 8 9 17 12
12 13 16 13 19 16 15 18 16 16 18 20 12 17 15 17 13 11 9 17 19 18 15 18 15 17 12 15 12 16 18 17 18 18 12 15 14 14 20 13 12 16 15 22 16 14 16 16 14 14 12 15 15 13 16 15 11 12 13 11 9 16 17 16
17 16 18 13 21 11 17 20 19 22 15 19 15 19 16 14 15 15 20 15 20 20 16 18 12 21 10 19 17 17 18 19 13 17 12 15 16 14 25 15 18 17 14 23 20 15 12 18 20 17 16 19 15 9 18 18 13 19 12 15 15 21 17 19
18 16 14 14 17 13 15 16 14 11 16 16 19 12 11 17 14 16 13 13 19 17 15 14 16 16 12 17 15 17 12 19 16 17 12 16 12 15 19 11 17 15 16 21 15 16 13 18 16 15 14 19 17 17 11 15 10 19 13 11 14 7 12 16
16 13 13 9 21 12 18 16 14 18 16 13 11 16 12 15 12 15 14 19 17 18 13 15 14 17 11 17 13 15 15 22 14 19 14 12 15 11 20 14 12 14 12 20 19 16 16 17 15 14 18 18 14 15 16 15 11 14 10 8 16 16 16 18
15 13 14 16 16 15 15 16 15 17 16 19 17 13 13 13 13 15 14 15 15 19 12 15 15 18 11 15 12 12 14 18 13 14 14 15 12 13 18 12 12 17 17 17 18 12 14 13 13 16 11 15 19 9 17 15 10 13 11 12 13 17 13 12
18 19 14 11 16 13 17 16 11 17 17 16 17 16 12 16 14 15 14 13 15 20 11 13 13 18 15 15 16 15 14 15 13 13 10 15 16 15 20 12 17 13 15 21 14 15 12 16 18 14 14 19 14 16 13 15 9 16 13 15 10 12 16 17
18 13 17 13 18 16 19 21 14 19 17 17 14 14 14 16 11 17 13 19 16 20 17 17 17 20 14 14 13 12 17 16 16 15 13 13 14 13 15 11 13 12 15 20 19 15 16 16 16 18 14 19 16 18 16 14 13 13 15 9 13 16 17 16
19 17 14 18 23 17 18 21 19 20 18 25 18 19 19 21 15 14 19 18 22 23 15 17 15 17 15 15 15 16 16 17 15 17 15 15 15 11 21 14 15 16 16 21 17 17 18 21 16 15 18 20 15 14 19 17 15 17 14 15 13 18 17 15
13 16 14 13 21 16 18 21 18 18 19 14 18 11 15 20 14 15 14 20 21 16 10 17 13 16 16 10 15 12 14 16 20 20 18 17 14 14 16 12 7 14 22 20 14 14 19 18 15 16 17 19 17 15 18 20 11 15 16 11 9 15 15 16
15 14 12 15 14 10 16 17 17 15 14 19 13 14 18 17 13 13 11 15 16 19 12 15 13 14 15 13 14 13 15 17 17 16 15 12 11 11 17 12 12 11 13 15 13 14 16 16 14 14 11 16 17 15 13 15 10 12 11 8 16 13 16 13
11 14 11 8 14 13 17 11 13 13 12 12 11 11 11 14 10 13 14 16 14 14 12 14 11 15 10 12 11 12 11 13 9 11 8 15 10 12 14 10 12 11 14 14 15 13 8 10 14 12 13 15 15 11 13 12 8 12 9 10 11 9 9 15
17 18 18 9 21 12 20 14 18 17 17 16 14 18 13 15 14 14 16 21 18 20 12 14 11 16 12 18 15 14 18 23 17 19 13 15 16 13 22 18 14 15 18 22 20 16 14 16 19 17 17 22 19 19 16 17 10 16 15 11 12 16 21 16
19 13 18 15 18 16 15 14 15 16 18 18 17 20 13 17 12 13 15 18 17 18 14 16 15 18 13 19 15 14 19 20 17 12 15 14 15 12 21 14 17 15 14 19 16 15 17 16 17 15 12 18 18 16 17 14 10 11 12 15 15 13 18 17
20 23 19 14 20 17 19 20 15 22 20 19 21 21 19 19 14 16 14 16 21 22 16 15 16 21 14 19 15 19 18 20 16 18 13 17 18 16 20 13 18 15 17 22 19 18 15 17 18 15 15 24 17 18 13 14 12 17 14 11 14 18 21 19
16 17 16 11 20 16 18 19 13 18 18 18 17 16 16 19 15 15 17 21 17 22 12 15 17 16 13 16 19 14 16 19 17 16 11 16 17 14 20 15 13 14 17 22 20 16 16 21 19 14 20 23 14 17 17 17 12 17 15 14 11 19 16 14
18 12 16 14 20 10 15 17 17 17 15 19 18 17 15 13 13 17 16 12 16 21 15 13 13 16 8 17 13 15 14 20 12 15 11 15 12 14 20 12 15 15 14 17 16 12 15 18 18 14 13 20 14 10 15 14 13 18 12 12 17 13 11 12
21 17 21 15 25 18 18 18 20 18 22 20 16 19 21 19 16 18 19 18 25 23 18 19 22 20 16 20 19 20 20 26 19 17 17 18 15 20 24 16 19 17 20 27 20 20 18 19 18 23 19 27 19 17 19 19 19 19 15 18 15 18 20 20
14 15 15 12 19 12 16 19 15 21 16 16 17 17 16 19 16 13 13 15 20 18 11 15 12 18 12 18 12 18 17 16 14 14 13 15 14 10 20 16 17 16 13 21 19 10 16 17 18 10 15 18 18 13 15 13 8 15 13 13 14 18 16 13
17 19 15 16 19 19 20 18 17 18 15 18 16 19 16 21 15 16 15 16 20 24 17 20 16 18 15 18 13 16 16 20 14 16 13 14 14 14 22 15 17 18 17 24 18 18 14 18 16 17 16 20 18 18 16 15 13 16 14 10 13 15 20 18
19 22 20 14 25 17 23 25 20 21 25 22 19 18 18 23 20 18 18 22 23 24 17 22 17 23 18 17 15 19 19 23 20 21 20 18 19 17 26 22 18 19 21 30 21 17 20 21 20 18 22 22 21 18 22 17 15 20 18 16 13 18 19 18
14 17 14 11 20 13 10 14 16 13 14 13 14 14 13 14 13 15 11 13 15 13 16 14 14 14 9 15 16 13 12 18 16 16 10 14 14 12 17 11 12 12 15 20 14 10 13 14 12 17 13 16 13 14 14 11 10 12 13 12 9 13 18 15
21 18 21 22 24 18 21 26 20 26 21 25 20 19 23 19 17 19 21 20 26 29 21 22 21 25 14 21 18 21 20 23 15 19 18 19 17 20 25 21 19 20 24 27 24 21 19 20 21 20 21 27 20 13 21 19 17 25 17 15 20 21 19 20
20 16 19 15 21 17 18 19 17 17 17 19 16 18 19 18 14 16 16 18 19 21 19 16 14 18 11 17 17 16 14 22 14 17 16 15 14 17 24 14 17 16 20 26 18 16 14 20 16 19 18 18 15 13 19 18 14 18 14 10 14 14 17 18
15 14 16 14 17 14 14 15 18 11 15 16 12 13 12 11 14 15 12 12 14 16 13 17 17 17 12 9 13 15 15 17 16 18 12 15 10 17 21 13 13 16 17 18 15 15 10 12 14 16 11 18 18 13 12 14 11 19 13 12 10 10 16 17
12 11 18 12 12 11 13 16 11 13 15 15 11 10 12 15 11 13 8 11 14 15 14 10 17 16 11 15 15 14 11 15 15 13 14 13 9 14 12 7 13 10 16 18 17 13 12 10 12 17 11 17 13 15 12 11 11 12 16 10 10 14 14 11
14 13 13 15 17 14 14 19 17 17 14 14 13 16 16 10 11 12 13 13 16 18 15 19 12 14 10 12 13 12 15 18 12 16 11 9 14 13 17 16 13 13 12 15 13 13 13 13 13 14 15 15 9 12 12 12 13 13 10 9 11 16 18 14
19 17 21 18 21 16 20 21 20 17 17 19 15 21 15 19 18 13 17 17 19 21 19 19 14 20 10 17 17 19 21 21 18 17 12 15 19 12 22 17 18 17 17 22 17 18 19 17 21 16 14 21 14 16 19 16 14 18 15 12 15 18 21 21
15 16 15 12 18 15 14 20 16 17 13 17 15 14 13 19 13 12 18 12 15 21 17 14 14 17 11 16 16 17 15 21 11 16 11 13 15 11 19 13 17 14 17 20 20 15 15 15 14 15 19 18 13 14 16 11 12 15 12 11 11 12 18 15
14 14 13 13 16 12 16 17 13 15 12 14 14 16 13 14 11 11 11 13 17 15 12 12 14 16 9 12 14 14 12 17 16 13 13 17 10 13 15 11 12 14 12 16 17 13 14 12 12 13 14 17 16 14 13 16 12 16 12 8 10 12 15 11
15 18 13 17 21 15 17 19 16 17 12 17 21 19 17 14 13 15 19 14 18 19 15 18 14 19 9 15 17 12 14 18 14 17 12 16 14 13 17 15 15 14 15 17 18 12 17 18 17 19 17 20 14 14 16 19 12 19 14 14 10 19 19 16
18 13 16 17 21 19 17 18 16 13 16 20 20 16 16 16 13 15 12 18 21 21 18 20 17 19 9 15 13 13 18 18 18 18 15 12 16 14 20 13 11 14 14 20 18 17 18 18 15 19 17 18 14 15 13 15 12 13 13 10 12 14 19 16
14 14 15 14 18 16 17 16 15 14 15 13 13 18 12 15 10 14 15 16 19 16 17 13 13 19 11 16 15 14 19 21 15 15 11 13 14 12 17 13 18 16 15 20 12 18 12 15 20 17 15 22 16 18 13 12 9 19 15 8 10 9 20 17
17 15 13 14 19 12 13 14 16 15 16 17 15 15 17 12 13 12 14 13 17 19 13 13 14 14 11 15 11 14 15 17 16 14 10 10 9 10 20 13 12 15 13 17 18 12 13 15 12 12 9 16 15 12 9 16 12 15 8 11 13 17 15 14
18 14 15 17 20 14 17 16 13 15 20 18 16 17 16 17 11 17 10 16 17 19 15 13 18 22 15 16 12 12 15 15 16 13 17 9 11 16 22 12 15 15 17 21 17 16 14 18 15 15 15 18 19 15 20 11 11 12 13 12 14 14 19 15
19 19 17 14 22 17 18 19 20 15 17 20 17 19 18 15 15 14 18 18 20 17 19 20 19 17 8 17 16 18 18 19 19 15 13 15 17 13 19 17 17 17 14 24 18 15 16 20 18 20 19 22 19 17 17 16 17 19 18 13 10 17 21 18
17 18 16 15 17 12 19 18 17 15 18 16 15 15 10 16 15 17 14 16 19 17 13 17 17 20 16 15 15 17 17 21 18 19 14 13 14 13 24 15 15 16 20 23 19 13 12 18 19 17 15 22 18 14 19 13 13 17 16 11 15 16 20 15
15 16 15 18 18 16 13 18 23 14 18 15 16 15 16 15 14 14 14 13 18 16 14 16 16 12 12 12 17 15 13 19 16 14 15 16 13 15 18 13 15 13 19 18 12 18 16 13 15 19 15 21 14 14 16 15 16 17 15 15 8 13 19 14
17 17 14 17 21 15 15 18 15 13 16 16 19 18 15 17 11 13 16 15 19 16 15 20 14 17 13 14 15 15 16 16 17 14 15 15 15 14 22 15 15 12 15 24 16 13 12 18 18 20 17 15 14 16 16 17 14 16 12 14 11 12 18 18
20 20 18 18 22 17 18 19 19 20 25 17 18 18 20 20 16 18 15 17 21 23 16 16 19 21 16 19 17 18 15 24 19 17 19 14 14 14 20 17 14 19 21 24 20 18 21 19 15 20 15 22 17 17 18 17 17 16 15 13 16 17 21 18
16 14 15 14 19 15 17 17 14 17 13 18 14 17 16 19 11 18 16 15 12 21 16 13 17 17 11 15 14 14 15 21 12 14 10 16 14 16 19 10 17 10 16 18 18 14 14 15 18 16 17 22 15 16 18 10 15 17 15 12 11 17 18 13
12 12 12 6 13 12 11 12 9 15 13 12 11 15 15 13 7 10 7 15 11 13 11 8 8 14 9 11 12 6 9 12 11 9 10 10 8 11 14 10 11 10 10 13 11 10 14 12 10 8 10 10 10 13 13 9 6 7 6 5 7 11 12 10
16 13 12 11 16 14 15 15 14 16 15 18 17 17 12 14 8 13 12 15 19 14 15 15 12 15 9 14 8 15 16 18 12 16 11 15 13 10 21 13 16 15 13 19 16 11 15 14 13 15 12 16 13 12 16 12 12 11 11 12 11 15 16 14
17 23 16 16 21 17 22 17 17 16 20 19 19 19 18 20 14 17 19 22 18 21 16 18 16 18 14 14 15 15 16 21 14 16 15 18 15 15 20 15 15 18 17 21 15 19 14 18 18 15 15 20 18 19 19 16 14 17 17 10 15 19 19 19
14 15 12 13 23 19 19 18 14 16 14 16 15 13 14 18 16 13 17 19 18 20 11 15 12 14 12 14 14 16 11 18 15 18 17 15 12 14 16 12 10 13 14 16 14 15 16 16 13 15 18 20 14 14 13 19 13 15 11 11 16 14 13 17
22 17 19 17 25 18 21 22 19 18 19 21 21 18 19 19 18 17 19 19 27 22 18 21 18 21 14 16 16 18 15 23 19 21 21 18 15 20 22 17 18 17 20 24 23 19 20 21 18 21 22 22 17 18 15 20 18 19 17 14 14 18 20 22
19 19 17 15 23 19 22 16 17 15 20 18 23 20 16 15 14 18 17 17 23 17 16 18 16 22 12 17 15 15 18 21 18 20 13 16 14 15 22 15 17 17 20 22 19 17 16 20 17 22 16 24 17 17 16 20 12 20 16 13 11 17 20 17
23 21 16 18 26 18 21 21 20 23 23 21 21 20 19 22 20 18 20 20 26 25 18 19 15 23 17 22 17 18 19 27 19 18 20 17 21 14 22 18 18 23 18 24 21 21 24 21 18 18 19 22 20 18 21 20 17 16 14 17 19 17 21 21
14 13 18 13 18 12 13 13 15 15 15 15 13 12 12 15 14 14 10 13 16 17 12 12 13 16 11 17 12 17 16 18 15 15 10 13 11 13 19 14 14 15 23 22 17 12 14 12 15 14 12 21 18 11 15 14 8 16 13 12 10 11 15 15
20 15 15 18 19 15 17 18 15 19 15 17 15 19 17 13 14 12 17 15 19 18 17 18 14 19 10 14 12 14 17 22 11 16 15 15 16 15 20 17 18 14 17 18 19 18 16 16 16 17 16 20 14 12 18 17 16 17 15 11 15 18 17 21
18 14 20 15 19 15 18 18 15 25 20 18 16 18 16 18 15 19 14 18 21 21 15 15 17 24 14 20 15 13 19 23 14 8 15 17 16 14 18 15 18 16 16 20 18 18 21 13 22 14 14 23 20 15 19 12 9 15 13 13 15 15 20 15
18 15 19 16 18 18 16 22 17 17 17 19 20 20 18 18 13 17 15 13 16 22 18 17 17 19 11 14 15 14 15 19 14 17 15 19 16 17 16 13 16 11 20 20 18 13 19 18 16 21 15 22 15 15 16 13 15 17 17 12 11 16 19 15
19 20 14 17 19 15 17 19 16 17 14 23 17 17 20 19 11 13 21 18 18 24 18 20 17 18 14 16 17 17 17 19 14 17 14 15 18 14 19 13 19 15 12 20 17 19 12 16 15 16 18 20 17 18 11 15 15 19 15 13 13 17 20 16
