49 0 0 8 32 8 16 0 4 32 0 0 20 0 84 0 0 0 34 0 12 6 0 0 40 0 0 0 0 42 25 28 0 6 0 14 0 32 0 43 0 16 0 28 0 12 61 6 56 112 87 0 0 16 0 0 0 45 0 0 12 0 0 0
0 0 18 0 0 63 0 27 63 14 4 0 0 0 6 45 63 0 2 0 7 0 6 0 68 0 42 0 2 0 0 0 24 0 0 0 0 4 0 75 0 2 12 21 0 24 0 0 0 6 1 0 0 0 36 0 54 27 0 0 0 0 0 0
36 0 0 0 0 4 47 28 9 0 0 0 18 0 30 0 12 0 18 4 45 0 0 6 0 25 7 0 14 20 76 0 18 0 7 7 49 45 3 0 5 32 28 10 54 4 48 7 47 105 24 0 0 0 0 3 0 14 0 0 0 0 0 6
35 18 56 56 16 42 0 51 112 25 36 0 0 0 96 9 0 0 32 0 0 26 100 58 20 7 0 0 72 35 0 0 16 0 0 49 0 5 20 0 52 16 12 7 40 81 28 0 60 28 4 0 49 23 0 21 13 8 0 0 16 66 71 143
0 0 0 0 0 0 24 0 16 0 24 0 0 0 0 0 0 0 0 0 20 9 0 4 0 0 0 0 4 0 6 0 0 9 0 21 32 0 0 0 24 0 0 0 0 0 0 0 0 0 0 0 8 31 0 0 12 0 0 0 18 0 28 0
30 0 0 4 0 0 0 20 29 0 8 89 0 0 8 4 59 0 24 0 6 0 49 0 0 5 7 16 0 0 49 0 0 0 0 36 0 0 0 0 28 49 0 15 0 0 0 53 0 33 28 0 28 0 0 0 0 9 5 0 0 0 0 0
0 0 26 64 48 0 0 0 27 0 0 0 0 52 5 0 135 0 18 0 0 0 0 72 18 0 0 0 0 111 0 24 0 0 0 0 0 54 14 6 7 0 0 72 73 7 0 41 61 0 0 0 1 9 48 0 0 113 0 0 0 0 36 0
0 0 0 0 0 0 0 0 0 0 0 0 0 0 0 0 21 0 0 63 0 42 0 0 0 0 0 0 55 0 18 0 0 0 0 28 42 0 12 0 43 14 0 0 0 0 6 0 0 0 0 0 0 42 0 0 53 54 12 0 0 0 42 0
72 0 30 72 0 0 90 0 0 2 0 0 0 4 0 0 0 0 0 0 0 29 54 7 0 30 0 0 0 32 27 0 0 45 0 63 0 54 4 6 7 0 0 21 0 0 24 5 6 3 0 0 0 18 0 0 0 0 0 0 54 0 6 42
0 0 48 0 0 0 0 0 0 0 0 0 81 16 10 0 0 0 0 0 81 0 0 0 0 0 4 0 70 0 0 0 81 0 0 0 5 0 11 24 70 36 0 0 18 42 0 25 14 54 0 0 6 85 3 0 21 63 0 0 0 0 73 0
0 0 0 20 0 0 0 0 4 0 6 0 0 0 0 0 0 0 45 0 49 0 0 1 0 0 24 0 0 0 15 0 0 0 0 0 38 0 0 0 0 0 0 0 0 0 0 66 63 0 40 0 2 0 18 0 0 0 14 0 0 0 0 42
0 0 30 20 48 66 0 0 15 35 0 0 46 0 54 0 9 0 9 0 7 0 62 0 21 0 6 0 0 14 3 48 0 0 2 0 0 48 0 15 0 35 0 79 16 18 0 5 0 54 8 0 0 45 0 0 0 18 0 6 0 0 0 42
0 0 0 32 67 46 24 12 37 60 0 0 63 0 0 0 9 64 0 65 63 20 26 0 0 45 0 3 49 52 0 0 65 72 0 0 0 72 8 7 0 98 0 16 0 16 48 0 8 42 2 56 28 109 0 0 0 49 0 0 0 0 0 24
12 102 0 18 12 67 3 30 16 49 31 70 0 0 110 7 45 0 0 36 0 69 56 0 0 25 3 75 57 88 12 0 8 0 3 31 21 9 15 28 0 49 12 2 0 63 16 3 1 81 8 0 54 63 42 54 0 63 0 0 7 35 0 32
3 0 0 4 64 40 72 28 62 0 0 0 112 0 72 0 0 0 9 9 132 0 0 36 0 0 24 0 56 0 19 56 72 0 4 42 53 64 0 16 30 86 16 56 0 24 16 32 0 156 8 0 0 0 15 18 3 56 0 0 0 6 0 63
16 40 0 0 56 53 0 0 108 25 10 0 20 0 108 0 81 0 0 72 1 56 0 42 9 40 6 48 29 64 0 28 16 0 6 49 0 42 0 67 89 0 0 31 0 12 0 0 0 108 16 0 0 0 86 129 0 0 0 0 0 30 54 106
0 0 10 0 0 54 0 0 24 82 24 0 0 0 0 40 0 35 0 20 50 0 16 4 0 0 0 0 4 0 0 0 0 25 1 0 32 0 45 0 9 98 0 0 0 0 0 0 0 10 0 0 8 54 0 11 0 0 0 0 0 5 9 0
0 0 15 0 40 0 0 0 0 25 10 0 0 40 0 0 45 0 15 0 0 0 0 0 15 0 0 0 5 40 27 0 0 0 0 0 0 55 0 0 0 0 0 0 0 0 9 0 0 0 0 0 0 0 70 0 0 81 0 0 0 0 25 0
6 0 15 8 3 50 0 83 17 15 44 58 0 0 14 47 45 0 0 9 0 0 31 32 6 5 0 31 11 33 6 3 2 0 1 95 0 6 21 7 0 28 42 17 8 0 0 18 24 28 2 0 49 0 18 0 27 78 0 3 0 12 0 83
0 0 15 0 0 32 0 0 72 0 0 0 0 0 0 0 0 0 0 0 4 0 27 48 0 0 0 0 0 0 0 0 0 0 0 56 0 0 24 0 40 0 0 0 0 0 0 6 18 0 0 0 0 0 0 24 0 0 4 0 0 0 0 81
0 0 0 0 0 0 0 4 24 0 0 0 0 24 0 0 0 16 8 0 0 0 32 0 0 0 1 0 12 0 4 0 0 0 4 0 7 0 12 36 69 0 4 0 0 0 4 31 0 9 0 2 0 66 0 36 0 0 0 0 0 15 63 18
6 0 18 0 24 0 0 24 6 35 14 0 0 0 0 72 18 87 0 57 54 3 0 16 0 0 0 0 7 14 0 0 0 72 0 0 0 14 81 0 0 0 0 0 0 6 0 8 12 18 0 21 0 24 42 9 6 18 0 0 0 12 0 60
0 0 48 0 0 63 0 0 27 28 0 0 0 0 0 0 27 0 0 0 3 0 0 0 27 0 18 0 0 0 0 0 0 0 0 0 0 0 0 9 0 28 0 9 0 42 0 0 0 0 0 0 6 36 0 0 0 0 0 0 0 0 0 0
0 0 0 0 0 0 18 42 52 30 12 6 21 0 0 0 7 0 0 0 32 0 7 0 0 30 1 0 8 24 16 0 0 0 0 0 16 66 0 0 72 7 0 12 0 0 24 7 6 0 0 0 0 14 36 0 6 0 7 0 0 0 14 0
0 0 2 56 16 4 0 21 51 0 0 0 34 0 18 8 0 7 0 4 6 21 28 0 0 16 12 0 0 41 0 14 0 5 0 14 15 16 25 4 0 0 0 14 0 6 28 15 0 20 0 0 49 0 9 1 0 0 0 0 0 6 0 0
9 0 32 0 0 0 0 36 0 0 0 0 0 0 0 83 36 49 0 28 42 0 6 0 0 0 0 0 0 0 0 0 24 35 0 0 0 0 63 54 45 0 12 0 0 51 0 0 0 50 0 0 0 0 24 7 63 0 0 0 0 18 0 81
37 49 8 0 12 20 0 8 67 40 22 14 0 63 72 0 36 0 10 36 0 56 40 36 0 20 2 36 10 91 8 0 14 0 2 36 14 25 0 28 20 0 8 0 0 7 8 2 0 90 8 0 1 15 104 84 63 6 0 0 0 0 0 83
0 0 42 0 0 0 56 0 6 30 0 0 0 0 0 27 36 0 18 7 42 0 12 0 0 0 0 0 0 0 0 0 0 0 0 0 0 0 0 0 57 84 0 0 30 27 0 0 42 36 0 0 0 0 0 0 0 0 0 0 0 0 48 0
0 0 6 0 0 54 0 12 55 5 6 14 0 0 30 24 54 21 0 12 24 0 2 0 54 0 39 0 14 0 12 0 0 15 6 8 21 0 27 18 27 7 12 18 54 0 12 3 42 33 0 0 0 0 0 21 0 0 0 0 0 15 27 0
92 0 42 64 0 0 0 0 33 32 0 6 0 0 48 0 0 0 34 0 20 0 0 16 40 0 0 0 0 0 28 0 8 16 0 0 10 0 0 0 47 16 0 8 30 0 0 3 42 48 8 0 0 0 0 0 0 35 0 0 0 0 48 36
21 0 6 0 0 0 72 0 20 16 0 30 0 0 0 24 35 21 0 12 18 43 35 56 0 0 5 0 0 82 90 0 0 42 0 63 0 0 43 15 20 35 0 0 0 0 24 35 24 42 27 0 0 15 0 3 0 0 0 0 54 0 0 0
0 0 27 0 0 0 0 0 6 4 0 0 0 0 0 24 50 0 0 0 0 4 9 30 0 0 0 0 0 30 18 0 36 0 0 0 0 0 4 81 40 0 18 0 0 60 0 8 12 38 0 0 0 0 36 0 81 18 0 0 0 0 0 0
21 0 24 16 0 0 0 25 0 0 10 0 0 0 10 5 0 0 36 0 24 0 8 0 0 0 0 20 0 18 12 0 32 0 0 45 0 0 6 87 0 0 16 0 0 32 24 12 24 22 59 0 35 6 32 0 72 0 0 0 0 0 0 0
0 0 21 8 74 6 0 0 24 16 0 0 0 56 0 0 117 0 39 54 12 51 0 56 21 30 0 18 0 120 78 0 12 0 0 0 0 63 26 42 0 0 0 0 0 0 0 6 0 24 28 0 0 0 56 0 0 0 10 0 0 0 35 48
0 0 18 0 0 36 0 0 81 10 0 0 0 0 0 72 0 63 0 36 54 10 0 89 0 0 0 0 8 40 45 0 0 45 0 63 0 0 91 0 93 0 0 0 0 0 0 0 0 33 0 0 0 56 0 36 24 0 0 0 0 0 56 54
2 72 15 0 136 0 40 31 3 6 6 0 16 40 6 3 75 32 15 91 0 25 0 29 15 0 0 12 49 75 37 0 32 51 0 90 42 45 27 0 7 14 0 0 0 8 0 4 6 15 0 28 21 93 40 0 37 9 0 0 30 4 25 26
0 0 0 0 0 0 0 4 57 0 32 0 28 0 64 8 0 40 18 0 0 63 136 0 0 0 1 0 64 7 4 0 0 0 1 0 7 0 36 0 0 0 4 0 0 72 4 1 0 9 0 5 0 27 0 45 0 0 18 0 8 40 0 45
0 5 8 0 0 0 0 0 0 0 0 0 0 0 0 15 20 0 0 0 0 0 0 0 0 0 4 0 4 0 0 0 0 0 1 0 0 0 0 0 34 0 0 0 0 22 0 0 0 20 0 0 1 0 0 6 0 6 0 0 0 5 9 0
56 0 62 56 0 45 0 20 45 4 0 0 0 36 15 0 45 0 15 0 17 4 37 14 87 0 35 0 0 51 38 0 36 14 12 0 35 0 34 150 73 0 38 78 52 52 20 57 56 51 0 0 0 81 36 0 81 35 0 21 0 0 94 0
2 5 0 0 0 0 0 66 18 81 0 0 63 0 9 0 0 0 12 0 0 52 48 0 0 63 11 3 0 17 12 0 0 0 3 0 31 45 0 0 9 0 12 63 0 0 12 13 36 36 0 0 0 99 13 9 0 0 9 0 63 63 63 18
0 36 0 0 32 14 0 4 36 0 18 0 0 0 0 0 0 32 0 0 15 0 0 3 0 0 0 0 8 0 15 0 16 0 2 0 24 0 6 0 18 8 12 0 0 0 5 0 0 4 0 4 6 28 0 48 6 45 0 0 0 10 18 36
0 24 0 6 0 72 0 66 0 56 12 21 15 4 12 6 3 0 0 0 0 9 0 0 0 48 0 39 0 12 0 0 0 0 0 105 0 0 8 6 7 56 0 0 0 0 0 5 0 12 0 0 60 81 0 0 0 21 5 0 0 18 6 0
0 0 12 0 32 9 0 18 0 22 6 0 20 32 0 30 48 0 12 36 0 0 0 0 12 0 0 0 31 37 0 0 0 0 0 16 24 42 0 0 4 15 0 0 0 0 0 0 0 0 0 0 0 9 50 0 20 18 0 0 0 0 20 0
42 20 27 36 72 0 0 3 79 0 16 0 54 72 32 4 81 72 102 0 96 3 108 0 63 32 16 0 74 143 21 0 54 0 6 28 0 81 6 30 0 24 0 48 0 36 52 27 48 60 110 9 7 30 72 81 0 96 0 18 4 32 45 81
30 0 3 0 64 0 0 0 15 18 0 45 0 16 0 0 10 64 25 56 0 18 41 0 0 19 0 0 0 0 40 0 4 72 0 0 0 10 11 33 30 0 2 29 0 20 0 20 8 25 20 56 0 133 4 0 9 0 5 0 14 14 38 20
56 26 0 0 0 0 24 0 0 0 12 0 9 42 24 3 0 0 0 3 27 0 24 0 0 0 16 0 31 66 0 0 9 0 0 0 0 6 0 40 0 22 0 0 0 27 64 0 64 38 72 0 0 16 0 0 42 31 0 0 3 15 0 0
18 45 45 24 0 0 72 0 27 4 0 0 0 36 87 0 81 0 2 0 0 90 81 72 5 0 0 27 5 135 18 9 0 27 0 63 0 0 18 54 93 2 0 27 24 0 0 81 54 87 1 0 0 125 63 81 15 93 0 0 54 0 89 63
0 0 0 0 0 0 27 0 0 0 0 0 0 0 0 0 0 0 0 0 0 0 0 0 0 45 0 0 0 36 27 0 0 0 0 0 0 81 0 0 0 0 0 18 0 0 45 0 9 0 0 0 0 0 0 0 0 81 0 0 0 0 0 0
0 0 40 0 8 0 0 12 9 10 4 72 16 0 10 38 42 8 6 61 0 1 24 0 0 64 0 0 49 4 0 0 0 9 0 73 36 4 7 0 66 12 0 24 18 55 0 0 14 24 0 7 5 52 12 0 45 12 8 0 0 21 35 2
0 20 27 24 32 0 0 0 48 6 0 0 0 32 0 0 36 64 12 0 0 6 5 21 12 0 48 0 0 56 27 9 20 0 0 0 40 36 6 45 0 0 10 27 24 20 0 40 0 9 0 8 0 0 76 72 45 36 0 0 0 0 20 72
0 0 70 48 0 0 0 0 0 0 0 0 0 0 0 56 0 49 24 28 42 0 0 0 0 0 0 0 0 0 0 18 0 35 0 0 0 0 63 0 16 0 0 54 88 0 0 0 56 14 0 0 0 0 0 7 0 24 0 0 0 0 64 0
0 0 64 0 64 35 0 15 2 0 0 13 9 64 40 25 72 0 24 0 9 0 8 0 36 1 0 0 7 74 12 0 9 0 2 0 0 72 15 0 0 24 30 19 72 35 0 4 56 16 0 0 5 0 64 0 15 50 1 6 0 0 40 0
0 0 0 0 0 24 72 0 162 0 0 0 0 0 0 0 0 72 0 0 36 27 0 36 0 0 0 0 0 0 45 0 0 27 0 105 18 0 0 0 93 0 0 0 0 0 3 0 0 0 0 9 0 9 0 99 0 27 0 0 54 0 0 117
0 72 0 0 64 0 0 8 0 0 0 0 0 0 0 0 0 0 0 0 10 0 0 0 0 0 0 0 0 0 0 0 32 0 0 0 0 0 6 0 0 0 0 0 0 0 0 15 45 0 0 0 0 56 0 0 0 0 10 0 0 0 0 30
28 36 18 0 32 45 0 4 69 8 0 0 0 0 0 72 45 63 16 36 59 8 64 28 45 0 30 0 0 56 36 0 16 45 0 0 0 0 116 35 0 0 0 15 0 0 32 0 32 46 36 0 0 60 0 9 0 0 0 0 0 0 0 0
0 0 0 0 0 0 16 0 30 10 0 0 0 0 0 0 0 0 0 2 32 10 0 35 0 0 32 0 0 40 55 0 0 0 0 0 50 0 10 0 35 12 0 0 0 0 0 40 0 15 0 0 0 0 24 0 0 0 0 0 0 0 0 0
49 0 0 0 0 99 0 9 18 63 20 0 0 0 40 20 18 0 0 0 2 0 40 28 18 0 12 0 43 0 0 0 14 0 0 0 0 0 0 6 18 63 0 6 0 45 0 0 0 0 0 0 0 102 0 0 9 23 0 0 5 25 21 63
0 0 3 0 0 0 0 0 24 0 0 63 0 32 0 0 0 0 16 0 0 0 65 0 0 7 0 0 0 0 0 0 4 0 0 0 0 0 19 57 56 0 2 21 0 4 0 40 0 0 0 0 0 96 4 0 9 0 7 0 0 0 48 0
0 54 15 0 88 81 0 43 81 0 10 0 0 40 10 5 126 0 15 0 30 0 0 0 96 0 57 20 0 40 12 0 24 0 3 45 21 45 21 27 0 0 12 27 0 28 12 3 0 37 0 0 35 42 40 0 0 0 0 0 0 0 25 0
0 0 3 32 0 0 16 0 0 30 15 7 0 0 0 0 0 0 72 2 60 0 1 0 0 8 0 0 7 0 24 0 4 0 0 11 0 12 1 9 0 12 2 0 0 4 0 24 0 0 64 0 0 0 40 0 9 0 0 0 0 3 0 0
0 72 0 42 8 2 0 75 4 0 0 63 20 0 9 45 18 0 54 0 36 27 0 8 0 64 0 45 0 43 18 7 0 0 0 83 0 8 8 2 0 0 0 7 0 3 0 22 6 9 48 0 54 0 0 0 0 99 5 0 0 24 0 0
0 0 18 0 48 8 0 0 72 15 6 0 0 48 0 0 54 0 18 0 36 0 0 12 18 0 0 0 3 48 18 0 0 0 0 14 18 60 0 0 73 0 0 0 0 0 0 0 0 0 0 0 0 0 66 6 0 0 0 0 0 0 30 12
42 0 0 64 0 7 0 12 28 0 0 0 0 0 0 0 0 0 72 0 48 12 16 24 0 0 0 0 0 20 24 0 12 0 0 0 0 0 11 0 0 4 6 0 0 0 16 24 0 2 64 0 28 0 0 0 3 12 0 0 0 0 0 54
0 0 0 16 21 61 0 6 96 0 0 0 0 0 0 0 138 0 0 126 6 6 8 0 54 35 36 21 49 10 12 0 14 0 0 28 42 0 4 67 7 14 0 18 0 0 12 0 0 0 14 0 14 0 0 0 35 36 0 0 0 0 0 56
