0 1 0 0 6 8 0 64 0 27 0 0 0 0 64 24 0 0 0 12 0 32 0 9 15 9 0 36 0 0 0 0 0 15 0 0 21 27 0 24 0 45 0 0 0 0 18 0 56 18 72 0 9 0 0 0 0 27 40 21 27 0 0 0
0 57 0 0 0 16 0 0 0 0 0 0 0 0 0 0 0 0 10 0 0 0 48 54 10 18 54 28 42 42 0 4 12 20 68 0 79 18 0 0 0 0 36 0 30 0 18 4 0 4 51 0 36 0 0 26 0 0 0 14 18 0 0 0
0 36 0 62 65 71 0 67 81 56 0 0 10 0 16 0 0 8 17 0 0 44 54 0 40 80 18 0 0 36 81 0 30 0 50 87 14 81 20 72 42 45 0 27 0 6 0 54 53 40 57 9 0 0 40 0 2 0 185 20 36 0 0 0
0 0 0 0 0 2 0 4 0 0 0 0 32 0 32 24 3 0 16 0 0 8 0 36 16 0 0 0 0 0 36 0 4 9 0 0 0 0 0 0 0 24 0 12 0 20 4 0 14 0 12 0 0 0 0 0 0 0 10 0 0 0 0 16
0 0 0 7 49 0 0 64 45 112 0 0 81 0 0 32 0 0 0 16 0 0 0 0 18 100 0 48 18 0 0 0 36 45 35 45 16 72 0 32 35 0 0 9 0 9 54 9 9 36 21 5 0 0 0 0 0 0 0 0 72 0 6 27
0 42 0 26 56 32 0 6 0 56 0 0 48 3 24 0 0 0 35 0 0 1 0 45 0 32 0 0 0 0 0 0 6 8 40 0 0 0 0 0 40 18 0 0 0 0 16 4 0 2 72 0 0 0 0 25 0 0 42 0 0 6 0 24
0 0 0 19 14 27 0 28 0 7 7 0 6 2 0 8 50 0 0 0 0 21 3 0 50 10 0 27 5 8 0 0 0 3 11 0 0 0 0 0 5 6 0 0 8 0 0 7 0 63 12 21 0 18 0 42 0 14 21 0 18 49 0 15
54 64 0 48 0 0 0 64 54 0 56 38 0 0 0 94 0 0 106 0 0 40 0 0 0 0 12 0 8 0 0 36 12 10 16 72 0 0 0 0 0 0 0 54 0 56 0 4 48 0 56 0 12 48 16 6 0 0 0 36 0 0 0 6
36 0 0 4 28 0 33 0 0 36 0 8 0 0 0 2 40 12 34 0 0 0 46 63 28 16 0 0 0 0 63 0 0 0 20 0 0 0 0 54 20 42 0 21 0 35 7 0 0 0 0 40 0 25 0 0 0 0 0 10 0 0 0 42
0 84 0 165 0 16 41 64 12 0 8 32 0 9 0 64 0 3 72 0 8 40 0 0 0 32 0 0 8 28 0 32 0 0 27 104 0 0 0 0 0 35 20 32 0 80 0 0 4 0 56 0 24 81 16 0 16 63 20 0 24 0 27 0
0 81 36 0 0 0 0 0 0 72 0 46 97 0 0 0 0 36 0 18 0 0 24 0 0 0 30 0 36 54 0 0 0 48 25 78 113 54 0 0 5 0 0 0 0 9 36 0 0 0 0 9 0 0 0 0 5 0 25 5 54 12 0 0
0 0 0 0 0 0 6 0 0 18 0 0 0 0 10 0 0 14 0 0 0 0 0 15 2 0 0 0 0 0 0 0 0 0 4 0 3 12 0 0 0 0 0 0 6 0 18 0 63 12 0 35 0 0 12 0 0 24 0 0 0 0 42 0
45 102 0 42 0 20 102 56 81 92 47 83 86 0 0 90 56 24 132 14 24 35 114 51 48 0 54 0 7 42 0 28 36 0 30 130 70 42 24 0 6 0 0 81 0 56 0 0 72 48 103 63 0 75 62 25 6 0 30 74 0 0 0 5
36 0 0 0 45 0 0 6 0 5 32 67 40 0 20 44 8 36 40 0 72 0 114 0 0 56 0 0 121 44 0 90 53 73 64 0 35 0 0 0 0 0 8 0 47 0 81 16 45 0 0 12 48 32 0 24 0 0 40 0 42 0 10 51
0 58 0 42 0 0 63 92 0 51 7 52 0 18 15 62 0 21 81 0 0 41 48 0 3 0 0 8 19 12 0 28 0 0 14 63 14 0 0 0 0 0 0 0 0 49 0 24 0 18 103 0 0 0 32 0 0 0 0 0 0 0 0 0
18 8 0 0 21 115 0 21 18 16 0 4 16 0 0 0 0 6 0 4 0 49 7 81 0 0 0 63 0 44 27 0 0 0 0 41 8 39 0 31 0 0 0 0 4 2 0 6 33 0 28 2 0 0 0 35 0 0 0 0 21 0 0 42
0 0 0 0 0 18 84 0 0 9 0 6 0 0 5 0 0 7 80 0 0 50 2 78 33 0 0 18 0 0 72 0 0 0 23 0 0 0 21 0 0 48 0 24 0 82 8 0 0 6 8 0 0 0 6 0 60 0 0 9 6 0 0 24
0 1 0 45 15 0 15 0 0 0 0 0 0 5 0 0 40 0 0 0 0 0 36 15 0 0 0 4 6 10 0 0 0 0 19 0 7 0 0 0 0 15 0 0 0 0 0 5 25 0 0 41 0 70 0 0 0 35 8 10 0 0 0 0
0 24 0 5 38 0 24 12 0 71 0 0 0 0 20 0 53 28 0 0 0 0 48 0 25 20 27 0 0 3 0 0 0 0 45 0 15 0 0 0 25 18 18 0 15 0 21 0 54 53 0 71 12 20 24 18 0 0 9 8 0 21 36 0
0 0 0 0 9 3 36 118 0 0 0 0 0 0 69 20 0 63 0 10 0 12 0 80 0 0 0 30 0 0 0 72 0 0 0 0 17 28 0 74 81 0 0 0 14 0 42 0 48 0 18 15 0 81 0 0 18 56 15 0 0 0 18 0
81 0 0 6 42 63 0 18 0 42 72 9 0 0 72 45 0 0 0 0 0 36 0 0 0 24 0 0 0 72 0 0 0 0 30 0 0 0 0 9 30 0 0 0 9 0 0 0 63 0 103 0 0 72 0 0 0 0 45 0 0 0 0 9
0 0 0 0 12 0 0 0 15 21 0 0 0 0 0 0 0 0 0 0 0 0 0 12 0 0 0 0 6 0 0 0 12 15 0 0 0 24 0 0 0 0 0 0 0 3 18 4 20 12 0 0 0 0 0 0 0 0 0 0 0 0 0 9
0 84 0 18 15 9 0 60 0 94 3 82 64 0 0 24 0 0 27 16 0 22 25 51 40 36 27 9 3 66 0 12 0 40 12 83 47 120 0 0 0 0 66 0 15 29 9 5 25 16 89 44 12 0 6 0 0 0 48 56 75 54 0 3
0 0 0 0 0 9 67 18 28 0 0 0 0 0 72 0 0 7 16 0 0 48 0 0 0 0 0 0 0 0 0 0 0 0 0 0 72 0 0 0 0 0 0 0 0 14 0 0 63 72 54 0 128 0 0 0 14 0 45 0 0 0 63 0
18 0 0 0 0 21 0 3 3 0 16 2 0 0 0 10 0 12 0 0 0 0 0 0 0 0 0 1 9 0 0 0 0 0 0 1 0 0 24 18 0 0 0 0 0 0 0 0 63 0 14 35 0 16 0 0 0 0 0 0 0 0 42 2
0 0 0 0 0 0 14 40 11 0 0 84 18 0 0 68 6 14 0 10 8 0 24 2 4 16 0 31 36 4 0 0 0 18 0 11 10 0 0 20 0 0 0 2 0 0 33 2 0 0 49 43 16 0 0 0 0 18 64 0 16 63 66 42
0 0 0 5 68 0 36 135 54 35 0 0 0 0 45 0 0 63 45 0 36 0 0 60 0 20 0 0 0 28 81 96 0 32 34 81 0 81 0 117 124 108 0 0 0 0 54 5 97 9 0 9 0 126 0 18 18 0 0 0 0 0 0 36
0 10 0 0 0 50 54 10 24 0 0 12 0 0 60 32 4 0 5 0 0 56 0 12 0 0 0 12 72 0 0 0 0 12 42 8 0 0 42 72 0 45 28 0 0 0 0 54 107 0 30 40 0 0 0 0 36 0 94 18 0 0 48 36
0 0 0 0 0 0 9 0 0 4 0 25 0 0 0 1 0 12 3 0 0 0 26 0 0 0 0 0 27 0 0 0 0 0 0 0 0 0 0 0 0 0 0 0 0 0 27 0 0 0 0 0 0 0 0 0 0 0 0 0 0 0 0 0
0 0 0 45 0 0 21 0 0 0 0 0 32 5 16 0 56 0 8 0 0 0 42 18 8 0 0 0 0 0 18 0 4 0 15 0 0 0 0 0 0 27 0 6 0 10 2 0 0 0 0 56 0 80 0 0 0 35 0 14 0 0 0 16
0 12 0 4 40 8 14 16 18 96 0 0 0 0 64 0 0 2 35 0 0 32 0 0 0 16 0 0 4 0 0 10 38 35 60 0 0 16 0 0 20 36 0 0 0 2 12 10 56 8 48 0 46 0 0 15 0 54 52 0 0 0 18 6
0 2 0 27 10 86 126 58 0 18 0 2 0 0 70 0 0 42 56 0 12 111 7 32 0 0 0 71 12 54 0 48 0 12 15 48 14 0 7 36 54 24 30 48 0 79 6 0 35 0 58 0 0 54 0 0 91 18 25 3 21 9 0 27
42 72 0 54 0 40 63 8 15 0 0 0 24 0 44 0 0 14 91 0 0 58 72 0 0 64 81 5 45 0 0 64 3 24 43 5 85 0 0 112 14 21 54 0 93 49 39 0 77 0 24 15 36 35 0 14 49 0 20 0 48 18 0 61
0 37 0 0 0 0 27 0 0 52 0 22 40 0 0 3 0 0 9 10 0 0 32 0 30 0 9 36 54 84 0 0 0 30 40 35 88 84 0 0 0 0 6 0 5 5 3 0 0 12 48 5 4 0 0 0 0 0 0 42 54 0 0 0
0 8 0 0 0 0 49 0 28 16 0 4 61 0 0 0 0 7 0 4 0 0 0 0 10 40 0 0 0 12 0 0 0 0 0 39 8 12 0 0 0 45 0 5 0 2 30 5 0 5 0 2 56 0 0 0 0 0 0 0 40 0 63 0
0 6 0 36 6 24 36 0 0 0 0 0 0 0 0 0 0 0 32 0 0 24 18 6 0 0 0 24 36 48 0 0 0 16 24 0 60 0 0 0 0 0 0 0 0 28 17 2 73 18 0 38 18 0 0 0 28 27 24 0 0 12 114 63
0 0 0 0 0 0 81 54 0 0 0 0 81 0 0 72 0 0 81 0 0 99 0 0 72 0 27 81 0 54 0 0 54 0 0 0 0 0 36 0 0 0 0 0 0 63 0 0 0 72 81 0 0 0 90 0 63 0 0 0 0 0 0 0
0 40 0 30 12 0 0 40 36 0 5 41 16 0 8 40 0 12 61 0 0 25 18 12 0 0 8 0 32 0 0 20 2 0 0 45 0 0 0 0 0 0 0 36 0 35 27 4 52 0 35 0 0 0 10 0 0 0 0 24 0 0 0 8
0 56 0 114 0 48 135 56 0 24 7 70 0 0 0 94 4 0 81 0 0 35 48 18 0 0 0 0 7 0 0 28 0 44 63 63 0 0 63 0 0 27 0 0 0 49 34 0 0 3 49 0 0 0 14 0 54 0 0 27 0 24 0 54
0 0 0 0 14 0 0 101 54 15 0 0 63 0 0 16 37 0 40 0 0 0 0 0 49 56 0 0 0 14 81 16 48 46 64 116 0 81 0 0 0 0 24 7 0 0 0 23 36 45 0 30 48 0 0 54 0 0 15 0 56 35 18 0
0 88 0 0 3 0 0 36 0 0 0 0 54 0 0 48 0 0 40 0 0 30 40 3 0 0 63 54 0 36 0 0 0 0 20 0 25 0 0 0 0 0 30 0 25 0 15 1 5 0 0 0 20 0 12 0 0 0 48 0 0 0 0 0
0 6 0 0 14 94 30 44 0 63 0 0 0 21 8 0 0 0 0 0 0 60 7 54 0 54 0 63 0 40 36 0 0 0 0 0 0 0 0 59 0 42 0 0 5 0 0 28 52 0 97 25 0 0 0 0 0 87 5 0 21 0 30 21
0 110 0 42 6 0 15 56 0 0 7 28 0 0 0 56 0 0 143 0 6 35 0 6 0 32 0 0 7 21 0 60 0 0 7 87 20 0 0 49 14 36 15 24 24 64 6 2 59 1 49 11 0 35 14 14 12 0 54 0 24 0 0 0
0 0 0 0 0 0 10 0 63 0 0 0 0 0 0 0 0 0 28 0 4 0 0 0 0 0 14 0 0 14 0 0 0 0 0 16 0 0 0 0 0 4 10 79 0 10 0 0 56 0 0 0 0 0 0 0 8 0 0 42 0 0 0 0
0 8 0 0 19 0 4 8 0 81 0 0 0 0 45 8 1 7 0 0 0 0 0 5 0 0 0 8 0 0 0 8 0 3 0 0 0 0 0 6 9 54 56 0 0 0 0 0 0 0 0 0 0 9 0 0 2 81 0 0 0 0 0 0
0 0 0 27 63 0 76 63 28 0 0 0 63 0 0 0 63 7 32 0 0 0 0 72 149 0 0 9 0 9 72 0 0 0 0 0 0 54 81 0 0 48 0 33 0 40 8 0 0 81 0 27 56 0 9 54 0 0 27 0 0 63 63 0
0 40 0 102 13 84 35 122 20 100 5 20 8 0 4 40 49 0 45 0 0 25 0 81 64 0 0 0 13 34 42 20 17 67 0 45 0 59 0 63 0 18 72 0 0 39 40 0 0 85 59 21 0 0 10 87 0 55 21 21 27 73 0 16
0 40 0 30 0 0 6 40 0 0 5 83 0 0 0 40 16 36 75 0 0 25 66 20 0 0 0 0 86 0 0 20 0 0 6 45 4 16 0 42 12 90 0 0 8 35 153 0 42 8 35 22 0 40 10 12 0 32 0 4 0 0 0 0
0 1 0 0 0 4 0 8 0 0 0 0 8 0 36 48 6 0 24 0 0 16 0 54 24 0 0 4 6 6 54 0 1 18 4 0 7 0 0 0 0 36 0 18 0 30 6 0 28 0 24 0 0 0 0 0 0 0 20 0 0 0 0 4
0 0 0 0 0 28 0 30 0 0 0 0 0 15 0 40 5 0 0 0 0 5 0 63 0 0 0 0 0 0 0 0 0 15 0 0 0 0 0 0 0 0 0 0 0 0 0 20 0 0 45 0 0 0 0 35 0 0 0 0 0 0 0 0
0 56 0 63 0 28 0 0 0 0 0 0 0 7 0 0 0 0 10 0 36 0 56 72 0 0 63 0 0 0 0 0 0 0 51 0 35 0 0 14 4 27 42 0 35 0 21 0 14 0 0 2 28 73 0 39 0 49 0 0 0 0 0 0
0 20 0 0 24 0 0 0 0 40 14 28 52 0 0 0 0 0 0 10 0 0 12 39 2 12 0 0 10 40 0 0 0 0 0 35 23 42 0 0 0 0 0 0 22 5 18 22 76 0 0 39 0 0 0 0 0 24 32 0 18 18 24 12
114 0 0 0 0 42 0 0 0 0 64 29 0 0 0 80 5 26 0 0 0 0 18 0 0 0 0 0 27 56 0 0 0 15 0 0 0 0 0 70 0 0 0 0 7 0 27 0 0 0 0 0 0 64 0 0 0 0 0 0 0 0 0 57
0 14 0 0 6 14 105 50 42 24 0 12 16 0 30 2 0 59 23 4 45 0 16 57 12 0 0 2 18 47 27 78 0 40 0 16 89 12 16 48 54 27 0 9 0 17 9 0 0 82 0 2 153 54 0 0 12 0 6 0 0 0 81 45
0 0 0 0 0 0 0 0 0 0 0 9 45 0 0 0 0 0 5 0 20 0 0 5 10 40 0 0 0 0 0 0 0 0 1 25 0 0 0 7 2 3 0 5 0 0 0 5 7 0 0 7 0 5 0 2 0 0 8 0 40 9 0 0
0 72 0 54 0 5 43 162 16 40 9 36 0 21 0 72 0 4 81 0 0 56 42 0 0 0 0 0 9 52 18 36 0 0 0 81 0 0 0 35 0 5 64 0 0 63 1 34 0 0 126 7 32 0 18 0 0 15 63 0 0 0 44 7
0 0 0 0 54 1 0 2 81 0 0 0 0 0 8 0 6 0 40 0 58 4 66 1 32 0 18 0 48 20 0 0 24 0 0 0 0 0 16 0 0 0 0 81 6 0 0 0 133 32 42 5 0 0 32 0 0 0 45 54 0 0 12 0
0 62 0 0 0 9 57 26 0 0 0 18 0 0 72 4 32 0 45 2 18 36 24 72 0 72 0 6 0 63 0 0 0 0 0 72 2 0 0 4 0 18 45 72 0 45 0 0 63 0 110 44 0 20 0 0 36 0 115 8 0 18 0 0
0 25 0 36 0 150 0 52 0 10 3 48 0 0 0 32 0 0 27 4 0 81 6 0 0 0 0 70 9 84 0 12 0 8 4 27 11 0 0 65 0 39 16 0 9 21 10 36 0 1 45 24 0 0 6 0 0 0 74 0 18 42 0 18
0 0 0 0 8 0 0 0 0 36 0 0 0 0 0 0 0 0 0 0 4 0 0 1 0 0 0 0 0 0 0 0 0 0 0 0 0 0 0 0 0 24 0 0 0 0 7 0 0 0 0 0 0 0 0 0 0 57 0 0 0 0 56 49
0 0 0 36 3 12 0 0 35 49 35 27 111 4 0 0 0 0 0 0 0 0 0 30 28 110 0 0 39 5 0 8 28 40 12 45 5 65 0 0 0 93 0 9 46 7 96 45 5 39 8 19 0 36 0 15 0 28 24 7 132 27 0 51
0 28 0 0 31 0 97 32 0 76 0 105 56 0 20 5 3 28 55 14 31 0 58 29 0 0 0 0 24 42 0 48 48 40 92 49 28 42 28 24 36 0 0 0 3 7 0 16 27 0 0 49 48 36 0 24 32 0 56 12 0 63 6 24
0 0 0 0 0 16 18 0 0 0 0 85 0 0 0 0 0 0 0 0 0 0 0 40 0 0 0 0 0 0 0 0 0 0 14 0 0 0 14 0 0 0 0 0 0 0 0 0 0 0 0 54 0 0 0 20 12 0 72 6 0 81 0 12
72 9 0 0 0 0 54 0 0 0 64 8 15 0 0 40 0 12 48 0 0 36 0 35 0 0 18 0 0 0 0 0 0 0 15 9 28 28 0 0 3 0 0 0 14 42 47 0 63 0 0 35 0 64 0 0 45 71 15 3 0 0 82 43
