32 6 4 0 0 0 18 0 0 0 0 0 0 54 40 92 18 18 0 9 0 24 2 0 0 20 18 32 44 0 12 0 0 36 0 39 27 24 0 56 0 0 0 0 18 40 0 18 0 0 0 0 48 0 0 3 0 0 56 0 6 0 0 0
0 35 0 30 64 36 0 54 8 27 0 21 3 0 45 144 15 21 6 0 45 0 24 0 36 0 0 0 50 0 40 20 0 0 63 0 0 6 9 63 0 0 0 0 0 45 42 54 36 2 44 0 99 8 0 9 0 54 95 10 24 0 2 31
0 45 0 0 0 0 0 0 6 0 0 0 0 27 0 0 0 0 0 0 0 0 18 0 0 36 0 0 24 0 75 0 0 0 45 0 0 0 0 0 0 0 81 0 0 0 0 0 0 0 0 0 0 63 0 0 0 81 0 0 36 0 0 0
0 24 0 0 28 42 0 117 0 0 42 61 0 0 0 42 5 0 2 0 0 0 0 0 42 0 0 3 0 6 36 0 0 0 105 0 0 0 30 0 72 24 0 0 30 54 49 63 67 55 57 0 0 0 45 0 0 81 0 3 5 0 45 0
0 0 24 0 9 78 0 0 31 81 0 12 7 0 45 0 30 49 24 48 24 0 47 24 3 72 18 51 15 24 0 16 36 0 36 0 21 24 0 0 0 81 12 0 0 93 102 28 18 0 24 0 0 0 16 66 0 27 63 3 74 9 0 55
18 26 0 117 0 0 0 0 0 63 2 0 24 0 0 0 24 0 0 0 24 0 18 0 9 0 0 24 0 0 108 18 18 0 3 0 18 42 6 2 0 0 0 4 72 6 27 3 0 78 0 27 0 20 0 0 48 30 10 0 18 0 6 25
0 0 0 12 16 0 48 0 4 0 0 0 0 54 0 0 0 54 40 9 0 0 12 0 9 34 3 18 39 16 20 0 0 0 0 0 21 9 10 0 18 18 0 6 0 21 21 6 0 18 0 0 0 12 0 0 0 27 0 16 0 9 31 15
0 0 24 64 24 48 16 0 61 70 0 0 6 0 60 40 0 94 0 0 30 8 25 30 0 64 16 64 12 6 0 0 45 0 18 0 0 30 16 0 28 128 79 9 0 80 72 35 0 39 8 0 0 0 20 58 0 0 62 20 88 0 0 42
0 0 46 0 6 16 0 0 18 0 32 8 0 0 15 0 0 9 0 0 0 0 18 0 2 0 10 18 0 16 0 0 0 12 10 0 0 0 12 35 53 0 42 0 0 0 63 14 0 13 0 0 36 49 0 0 0 0 6 17 0 42 0 0
0 20 16 63 32 0 72 45 5 73 35 54 0 9 0 67 24 81 0 0 0 0 23 0 7 3 0 16 20 0 82 0 0 0 35 0 0 3 25 0 72 32 0 21 81 60 0 72 25 68 49 21 0 0 45 9 0 81 0 0 0 0 48 0
48 4 0 0 24 36 0 63 0 9 7 0 17 0 0 61 48 7 0 0 12 0 0 0 36 30 0 48 42 12 0 0 0 0 66 18 12 24 5 0 0 4 0 42 5 12 60 56 35 22 8 0 0 0 0 21 0 0 9 6 18 0 0 7
0 8 0 0 72 0 0 0 2 0 0 24 5 40 40 0 0 40 0 0 0 0 30 6 0 30 0 12 54 18 10 8 0 0 8 40 0 0 0 0 0 30 48 27 0 48 0 0 0 81 52 0 0 0 24 0 0 10 0 40 0 12 30 0
48 0 43 0 68 30 0 4 0 34 2 0 0 0 33 86 35 0 0 56 0 16 12 0 8 72 36 42 50 0 0 0 0 10 0 18 0 0 16 0 0 47 0 8 0 40 45 0 21 0 0 36 0 0 0 25 0 0 0 2 21 16 0 7
21 21 0 42 0 0 0 0 0 63 32 63 7 0 0 0 73 49 22 0 0 0 0 0 0 16 28 28 0 0 0 0 0 12 21 0 0 0 0 0 32 0 36 0 0 0 0 0 18 53 0 0 36 0 0 21 56 35 75 32 56 0 7 49
0 21 15 0 0 0 8 45 0 0 35 0 0 0 0 35 25 5 0 40 0 0 3 0 0 0 0 3 0 2 0 15 0 27 36 5 0 6 25 0 0 20 0 0 25 0 0 0 40 64 40 0 0 8 9 0 0 0 0 0 15 0 0 15
0 30 0 48 0 0 0 0 2 0 48 0 40 18 0 0 0 0 64 0 42 0 10 12 0 88 0 24 0 0 30 16 18 18 35 0 30 57 40 0 48 0 114 0 0 0 45 43 0 6 51 0 54 42 8 0 0 54 0 64 24 0 16 0
32 57 45 157 32 36 16 6 56 54 19 63 32 68 0 40 0 40 0 0 60 32 0 0 12 35 16 64 72 0 20 16 0 25 24 0 24 38 64 0 16 72 110 16 0 16 36 20 0 2 36 0 18 68 0 0 0 36 4 11 56 24 0 2
0 1 55 0 0 0 91 39 12 0 7 85 53 0 0 0 35 32 38 0 0 81 36 9 55 7 0 30 27 61 0 0 0 35 1 5 0 0 0 0 0 0 144 28 0 77 0 27 14 0 0 0 0 0 3 40 27 0 20 7 0 74 45 0
12 12 91 32 0 0 32 14 0 0 7 0 0 0 0 0 16 0 0 0 0 56 0 0 28 7 39 28 0 8 0 8 0 35 0 0 0 0 0 35 0 0 0 28 0 20 83 15 0 28 0 0 0 49 0 0 32 20 0 7 20 98 4 0
3 6 0 39 0 12 0 15 0 32 0 21 21 0 0 0 4 0 0 4 0 15 18 0 6 0 0 4 24 27 6 40 0 72 0 0 0 0 0 0 8 0 27 0 16 3 0 0 0 79 0 6 0 0 16 15 8 5 12 0 0 0 5 0
24 24 9 144 0 0 6 0 21 56 0 96 0 0 0 15 62 15 12 0 0 3 0 0 8 0 6 80 0 48 60 0 0 0 0 0 0 0 0 0 72 27 21 0 64 60 0 0 12 144 12 24 0 0 45 0 64 121 0 24 55 0 53 0
3 3 49 6 0 0 0 14 0 0 7 56 0 0 25 9 4 15 0 0 0 56 0 8 28 7 0 12 0 0 32 0 0 35 0 0 0 0 21 0 99 0 26 28 0 64 0 0 0 22 27 0 5 0 40 0 8 87 10 32 0 60 51 0
76 2 0 19 0 8 28 0 0 12 0 49 0 21 21 72 25 0 10 0 0 0 0 44 0 46 0 68 72 0 42 42 0 0 0 24 0 0 24 0 0 0 0 0 35 0 0 0 10 0 27 0 0 15 0 0 0 6 0 7 0 0 0 0
0 51 50 88 77 40 0 8 36 111 4 30 7 0 2 72 0 49 4 0 63 32 39 0 24 4 29 42 18 32 18 34 0 20 41 0 0 0 12 0 0 0 0 16 32 0 0 0 0 16 57 21 42 18 0 21 0 48 70 22 72 32 0 49
0 0 0 0 0 35 64 0 0 0 0 0 0 34 32 0 0 37 8 0 0 0 0 20 0 25 1 18 5 12 26 24 35 6 0 0 11 0 16 0 28 6 8 30 20 7 7 0 0 12 15 0 0 0 15 0 0 9 8 24 0 3 0 40
0 40 0 0 0 0 36 0 0 0 0 0 0 78 27 0 0 0 0 0 0 0 0 45 0 32 0 0 0 0 106 54 0 36 40 0 24 15 0 0 0 0 72 0 45 0 0 0 0 0 0 0 0 76 0 0 0 72 0 9 32 0 0 25
0 0 12 0 0 63 0 0 0 0 0 0 0 45 0 0 0 45 4 5 0 0 0 0 5 45 0 6 0 0 6 6 63 0 0 0 0 0 0 0 10 0 0 54 0 0 0 0 0 2 27 0 2 18 27 0 0 0 0 0 16 0 7 72
0 0 0 0 0 0 0 0 0 0 0 0 0 0 10 0 0 6 0 0 0 0 0 0 0 0 0 0 0 0 63 0 14 0 0 0 0 0 8 0 14 0 4 0 0 0 0 0 0 6 0 0 0 0 0 0 0 0 4 10 0 0 0 0
0 10 0 0 16 24 0 36 0 81 0 56 9 51 5 7 40 63 16 0 0 0 0 0 24 8 0 0 2 0 20 0 0 30 73 0 20 0 0 7 0 0 18 0 0 5 28 36 36 0 0 0 6 14 0 27 0 18 88 0 80 0 0 63
0 0 0 0 0 0 64 0 0 0 0 0 0 0 0 0 0 0 0 0 0 0 0 0 0 0 0 24 0 16 0 0 0 0 0 0 0 0 0 0 0 0 0 0 0 0 0 0 0 0 0 0 0 0 0 0 0 0 0 0 0 0 0 0
0 0 0 0 0 0 0 0 0 0 0 0 0 0 0 0 0 0 0 0 0 0 0 0 0 0 0 0 0 0 0 35 0 63 0 0 0 0 0 0 0 0 0 0 0 0 0 0 0 56 0 0 0 0 14 0 0 0 0 0 0 0 0 0
0 39 0 0 0 0 12 0 0 14 0 0 5 125 41 0 0 99 0 0 0 0 12 15 0 76 0 0 8 0 53 18 0 0 42 20 0 12 0 0 0 24 63 0 15 0 0 0 0 0 32 0 0 65 12 3 0 71 9 35 36 0 24 27
0 0 6 16 0 0 4 0 14 0 0 0 0 0 0 10 0 10 0 0 0 2 0 0 0 0 4 16 0 0 0 20 0 36 0 0 0 9 0 0 0 18 14 0 0 4 0 0 0 32 2 0 0 12 8 0 0 0 0 0 10 0 0 15
0 16 0 0 32 0 0 36 0 0 28 0 18 0 0 28 0 0 0 0 0 0 0 0 0 0 32 6 34 8 0 0 0 0 28 0 0 0 20 18 0 32 0 12 20 20 20 0 20 68 32 0 0 0 0 0 0 0 0 0 12 0 0 0
0 20 0 0 0 0 0 75 0 0 35 30 42 0 0 35 0 0 0 0 0 30 36 6 0 0 49 24 0 102 4 40 0 86 35 0 0 7 25 0 8 20 102 14 25 60 0 56 25 160 53 0 0 0 21 30 0 9 24 80 40 12 35 7
0 15 0 18 0 0 8 0 0 14 0 0 0 9 6 45 0 0 0 0 0 0 0 19 2 12 0 12 0 0 33 12 0 0 15 0 0 0 5 0 0 0 27 0 26 0 0 0 0 8 32 6 25 21 0 0 0 63 0 2 12 0 0 0
0 6 0 30 0 48 0 0 3 44 0 50 3 24 44 0 0 0 0 0 18 0 15 20 0 50 0 0 54 0 0 0 27 0 0 0 0 18 0 0 0 46 25 0 0 48 36 21 0 0 24 0 0 0 12 20 0 6 0 24 0 4 10 0
0 0 8 63 36 0 32 0 0 49 0 0 0 0 32 81 0 0 0 0 0 0 12 40 7 0 36 0 8 0 69 48 0 0 0 0 0 0 25 0 0 0 0 0 96 0 0 0 0 28 9 57 45 0 0 0 0 54 0 8 0 0 0 0
0 30 36 0 0 0 0 0 5 0 0 24 6 18 0 0 64 0 8 0 6 0 5 6 9 24 0 0 9 0 46 0 9 0 30 0 0 14 0 30 32 0 66 56 0 40 54 19 0 0 4 0 0 84 24 29 9 90 0 0 24 36 20 0
60 0 0 99 64 42 0 0 0 56 48 0 0 93 0 27 0 30 0 8 0 0 0 27 16 63 0 60 53 16 24 2 42 18 0 9 0 0 72 0 64 0 54 60 64 0 0 0 0 110 102 24 54 45 18 0 0 18 0 0 0 0 8 48
48 0 42 0 0 48 0 20 0 16 0 0 28 0 40 54 72 0 0 0 0 20 24 18 0 94 0 66 42 36 0 0 0 0 0 18 0 9 0 35 0 56 36 63 0 86 135 14 0 0 54 0 0 49 0 87 0 12 16 0 0 42 0 0
0 0 94 0 0 0 18 0 0 0 0 0 45 0 40 56 0 18 20 0 0 0 2 0 0 0 1 46 66 0 72 24 12 0 0 0 7 0 0 146 0 46 0 0 0 47 88 36 0 0 9 0 54 117 0 0 0 9 56 0 48 57 0 0
0 5 0 0 0 54 0 0 0 18 0 70 0 0 70 0 0 40 0 0 0 0 15 4 0 72 0 21 0 42 36 0 0 0 5 25 0 0 20 0 107 63 42 0 0 158 81 0 0 64 9 0 0 0 60 45 0 81 10 46 35 8 65 0
0 3 0 15 21 39 12 0 5 25 6 21 0 0 9 45 0 0 0 0 30 0 25 48 0 0 0 4 45 0 18 18 45 2 0 0 0 31 5 0 0 0 15 2 15 0 0 43 0 0 14 0 25 0 20 0 0 44 0 3 27 0 0 1
0 3 21 56 8 18 14 0 52 12 40 0 0 72 15 43 0 50 0 4 18 7 24 18 4 24 14 77 0 0 16 14 27 63 3 15 32 18 0 0 48 87 103 0 0 38 27 21 0 5 28 0 45 0 21 15 0 0 0 0 35 0 4 0
0 30 0 12 16 7 16 30 36 0 0 26 50 105 68 0 10 41 4 0 18 30 36 0 0 65 0 0 16 54 8 8 7 0 0 0 0 0 0 0 16 48 54 22 0 18 0 0 4 0 95 0 0 0 13 30 0 34 26 68 0 0 22 8
0 0 0 0 56 72 0 0 0 0 16 0 0 54 0 0 0 45 0 0 0 0 0 0 0 15 0 0 56 0 2 0 0 24 0 0 4 9 0 0 0 0 0 18 0 0 0 72 0 0 0 0 0 0 0 0 0 32 0 0 72 0 15 9
0 8 0 5 48 4 0 0 24 6 0 7 36 0 0 0 56 35 48 0 0 0 21 0 54 0 24 0 86 12 0 0 0 0 7 35 0 7 0 0 0 0 54 67 0 29 15 0 0 54 0 0 0 0 21 51 54 0 0 0 9 0 0 0
0 53 0 0 0 0 0 0 14 0 0 0 18 27 0 0 24 0 24 12 12 32 10 24 27 36 38 16 27 0 45 0 18 0 45 36 4 44 0 0 0 0 114 0 24 0 0 14 0 0 36 0 0 63 8 19 27 89 0 16 44 0 0 0
0 30 18 0 56 72 0 0 0 0 20 0 0 0 0 0 42 0 30 21 12 56 36 0 0 0 45 9 71 0 9 45 0 0 0 63 28 56 12 4 0 18 0 8 42 33 21 0 0 0 0 0 3 27 0 7 0 59 20 0 146 9 0 0
6 38 0 88 80 32 0 54 0 169 42 56 9 0 0 58 8 63 0 0 0 0 0 0 4 0 0 8 96 16 12 0 0 0 69 0 0 0 30 0 0 30 0 24 62 0 0 0 30 150 48 12 0 0 0 27 16 10 81 0 72 0 2 63
0 0 0 0 24 0 0 0 0 0 0 56 63 0 0 0 40 0 16 2 0 0 0 3 2 0 0 25 75 6 72 0 16 0 0 0 0 0 0 63 4 56 0 9 0 0 0 0 16 27 9 0 0 0 0 0 0 2 0 0 0 0 2 0
0 0 0 0 0 0 0 0 0 18 72 0 20 72 72 36 0 14 0 0 0 0 0 0 0 54 0 3 27 0 0 0 0 27 6 0 0 0 4 9 72 62 81 0 0 0 0 0 0 9 76 0 101 0 0 6 0 42 18 72 16 0 0 14
0 0 12 0 18 72 0 0 54 35 0 24 3 27 20 45 72 48 48 0 0 0 54 0 6 41 36 54 30 48 0 0 0 0 39 0 42 9 5 0 0 64 0 63 0 92 78 0 0 12 5 0 25 0 0 56 0 84 27 6 24 18 21 21
0 0 6 0 72 12 0 33 20 54 0 36 63 48 48 0 0 42 40 0 0 15 18 18 57 36 0 12 89 43 0 0 0 0 36 0 0 0 0 5 0 36 144 24 0 75 23 20 10 72 75 0 0 7 0 58 45 18 66 48 48 24 45 42
0 0 0 0 72 0 0 0 1 54 0 0 6 0 0 45 0 42 0 0 0 0 3 0 0 0 63 0 40 18 5 0 0 0 18 0 0 0 5 0 0 0 0 27 0 0 0 0 0 81 5 0 25 0 0 18 0 30 54 72 48 0 0 42
36 20 18 27 0 0 20 0 45 0 32 0 0 63 5 0 30 0 0 48 0 0 0 0 0 18 0 12 0 24 0 0 0 12 0 0 0 0 72 0 32 0 36 20 0 0 0 0 18 32 15 0 36 45 0 0 0 0 0 12 38 0 0 6
0 3 0 0 0 0 0 0 0 0 0 0 0 0 0 0 0 15 0 0 0 0 9 0 0 0 21 0 0 0 0 0 0 0 3 15 0 0 0 0 0 0 0 0 0 0 0 0 0 0 0 0 0 0 9 0 0 0 0 24 0 0 0 0
0 0 41 40 6 16 9 10 18 0 5 8 0 0 10 14 0 9 8 0 0 40 19 3 22 5 46 24 9 16 0 50 0 43 10 0 7 15 0 14 0 6 0 20 0 17 7 14 0 16 9 0 12 20 4 0 0 11 14 7 40 43 0 25
0 23 0 0 40 0 0 0 24 30 0 0 36 0 0 40 42 45 48 21 0 56 27 0 54 0 42 0 54 0 0 0 0 0 9 108 7 77 0 0 0 15 54 0 42 0 0 0 0 0 0 0 0 28 27 37 54 0 0 0 14 0 0 35
0 10 36 0 0 0 0 0 0 0 0 16 0 0 0 0 30 0 0 21 0 40 0 19 6 0 30 20 0 0 27 0 6 0 0 45 5 40 0 30 12 0 32 0 30 32 54 12 0 0 45 0 0 42 0 5 0 10 0 0 10 44 26 0
0 22 32 10 0 8 9 45 36 12 35 14 54 45 0 35 64 54 82 0 0 0 1 0 81 15 0 17 97 0 15 15 0 0 35 0 0 8 25 0 0 20 81 56 25 16 0 9 25 40 40 0 5 45 0 69 81 0 0 0 40 0 15 0
0 28 0 0 56 0 16 0 0 105 7 0 7 0 12 56 0 49 0 0 21 0 63 20 0 0 0 0 0 0 24 107 0 36 21 0 0 0 21 7 0 21 0 14 20 21 0 0 0 32 0 0 0 0 8 21 0 0 98 4 119 0 0 49
0 28 2 30 0 0 9 0 0 0 3 28 2 16 16 0 68 9 48 24 9 64 28 0 0 52 48 2 4 0 0 27 0 0 0 72 8 64 34 3 0 12 0 6 48 9 0 24 8 0 16 0 0 0 0 8 0 4 15 56 43 0 10 0
