0 9 4 6 2 2 7 5 1 9 8 1 7 6 4 8
5 8 9 0 9 1 3 9 7 5 2 9 8 7 6 4
5 8 6 5 3 4 8 0 0 3 6 5 3 5 0 7
8 7 4 7 6 7 2 1 1 2 7 8 8 9 1 1
9 6 3 7 6 3 8 0 7 9 7 5 7 6 7 2
9 3 6 9 9 3 7 2 8 5 4 6 0 6 1 1
1 8 4 4 6 6 1 3 9 0 4 1 1 3 8 8
4 9 6 3 6 5 5 1 3 7 4 5 7 9 9 0
6 5 3 8 9 2 2 9 4 1 6 5 3 2 9 6
4 5 5 8 9 1 5 8 6 5 9 5 7 0 9 4
0 0 4 6 5 3 0 3 8 2 1 4 1 5 6 7
3 8 9 9 8 0 4 6 2 0 0 3 8 0 6 4
1 1 8 9 1 0 1 9 0 6 8 7 8 1 6 4
9 3 4 0 4 4 0 3 2 1 0 6 2 3 3 3
7 0 3 8 4 6 5 6 4 7 7 0 8 4 0 3
7 4 3 9 5 5 8 3 2 3 6 1 8 1 1 1
