8 7 5 0 0 1 1 9 8 4 1 1 4 2 1 9
9 6 1 6 4 4 8 7 9 9 3 9 8 5 0 1
5 8 5 7 6 2 0 5 0 9 5 6 3 1 9 3
2 8 5 5 4 0 6 8 9 8 8 3 8 4 4 0
5 1 3 5 4 5 1 9 4 8 5 9 6 5 7 5
7 4 7 1 3 7 9 2 5 2 4 3 6 1 2 1
6 0 8 1 2 6 7 5 4 2 3 1 5 5 1 4
3 7 8 9 6 8 1 3 5 0 0 2 9 7 0 6
1 2 5 9 1 4 4 0 4 7 5 3 8 0 6 3
8 5 8 4 2 5 0 8 3 0 1 7 4 6 2 0
0 2 2 3 2 2 5 4 4 2 9 7 5 3 5 4
8 1 6 3 1 1 0 1 9 9 5 4 5 0 1 8
1 1 1 8 5 6 3 8 0 3 3 2 1 6 1 2
3 6 3 1 4 8 9 8 1 9 1 4 9 0 8 7
7 5 3 2 5 3 5 0 4 1 4 2 0 5 8 5
0 5 8 9 2 8 7 4 2 4 2 3 3 1 0 3
