7 4 1 3 1 3 1 7 8 9 1 3 2 8 9 8
7 4 6 3 7 1 7 8 6 8 0 2 7 0 3 0
7 9 8 0 2 1 4 0 1 0 5 1 7 3 0 3
7 2 3 1 0 4 9 4 8 2 2 9 5 4 8 0
8 1 8 4 8 6 8 9 1 2 4 2 5 7 3 2
2 4 7 0 2 6 3 8 2 0 5 1 1 2 9 1
3 0 1 0 2 0 5 0 3 8 3 9 1 4 4 3
7 5 4 5 8 4 2 7 9 5 9 9 8 1 0 3
4 4 6 0 8 5 3 0 1 5 3 0 6 9 0 8
2 5 6 2 2 5 0 7 0 3 4 5 7 9 1 4
8 6 8 9 4 0 5 7 6 8 5 9 6 5 1 8
7 4 1 7 0 8 4 1 6 8 1 8 1 3 5 9
6 0 5 4 4 2 9 2 1 1 5 0 6 5 2 8
6 2 1 4 4 7 5 5 0 1 9 0 9 6 4 7
7 2 8 2 2 0 0 2 6 5 1 4 5 3 7 4
6 4 0 6 5 7 7 7 9 1 6 4 3 9 5 0
